"method","k","estimate","gamma"
"propensity",1,1.147,3.45999999999997
"propensity",2,1.249,4.74999999999994
"propensity",3,1.193,5.16999999999993
"propensity",5,1.186,5.81999999999992
"prognostic",1,1.142,3.52999999999997
"prognostic",2,1.263,5.06999999999994
"prognostic",3,1.204,5.21999999999993
"prognostic",5,1.175,6.09999999999991
"mahalanobis",1,1.42,4.91999999999994
"mahalanobis",2,1.38,7.34999999999989
"mahalanobis",3,1.348,7.39999999999989
"mahalanobis",5,1.407,8.36999999999987
"propensity",1,1.246,3.39999999999997
"propensity",2,1.109,3.61999999999997
"propensity",3,1.107,4.21999999999995
"propensity",5,1.075,4.72999999999994
"prognostic",1,1.112,3.83999999999996
"prognostic",2,1.209,5.02999999999994
"prognostic",3,1.067,4.35999999999995
"prognostic",5,1.105,5.83999999999992
"mahalanobis",1,1.146,3.98999999999996
"mahalanobis",2,1.118,5.13999999999993
"mahalanobis",3,1.095,5.12999999999993
"mahalanobis",5,1.161,6.40999999999991
"propensity",1,1.459,3.86999999999996
"propensity",2,1.412,5.06999999999994
"propensity",3,1.386,5.71999999999992
"propensity",5,1.329,6.25999999999991
"prognostic",1,1.355,4.75999999999994
"prognostic",2,1.24,4.48999999999995
"prognostic",3,1.144,5.48999999999993
"prognostic",5,1.388,8.82999999999986
"mahalanobis",1,1.081,3.08999999999998
"mahalanobis",2,1.286,4.68999999999994
"mahalanobis",3,1.329,6.26999999999991
"mahalanobis",5,1.37,7.29999999999989
"propensity",1,1.014,2.14
"propensity",2,1.114,2.89999999999998
"propensity",3,1.07,3.10999999999998
"propensity",5,1.086,3.49999999999997
"prognostic",1,1.076,2.83999999999998
"prognostic",2,1.027,3.34999999999997
"prognostic",3,1.066,4.06999999999996
"prognostic",5,1.134,5.03999999999994
"mahalanobis",1,1.071,3.08999999999998
"mahalanobis",2,1.208,4.89999999999994
"mahalanobis",3,1.234,4.99999999999994
"mahalanobis",5,1.225,5.51999999999993
"propensity",1,1.47,4.34999999999995
"propensity",2,1.384,4.68999999999994
"propensity",3,1.305,4.33999999999995
"propensity",5,1.339,5.18999999999993
"prognostic",1,1.436,6.97999999999989
"prognostic",2,1.487,7.94999999999987
"prognostic",3,1.364,7.82999999999988
"prognostic",5,1.429,11.4999999999998
"mahalanobis",1,1.456,5.57999999999992
"mahalanobis",2,1.446,6.7699999999999
"mahalanobis",3,1.37,6.9399999999999
"mahalanobis",5,1.441,9.34999999999985
"propensity",1,1.063,2.09
"propensity",2,1.017,2.35999999999999
"propensity",3,1.01,2.69999999999999
"propensity",5,1.011,3.05999999999998
"prognostic",1,0.884,2.31999999999999
"prognostic",2,0.938,3.47999999999997
"prognostic",3,0.86,2.97999999999998
"prognostic",5,0.961,4.76999999999994
"mahalanobis",1,1.058,3.04999999999998
"mahalanobis",2,1.09,4.16999999999995
"mahalanobis",3,1.08,4.14999999999996
"mahalanobis",5,1.06,4.51999999999995
"propensity",1,1.096,2.15
"propensity",2,1.108,2.70999999999999
"propensity",3,1.073,2.84999999999998
"propensity",5,1.144,3.56999999999997
"prognostic",1,1.146,3.27999999999997
"prognostic",2,1.292,5.67999999999992
"prognostic",3,1.14,5.13999999999993
"prognostic",5,1.209,6.41999999999991
"mahalanobis",1,1.365,4.04999999999996
"mahalanobis",2,1.269,4.54999999999995
"mahalanobis",3,1.279,5.02999999999994
"mahalanobis",5,1.275,6.02999999999991
"propensity",1,1.307,4.04999999999996
"propensity",2,1.381,4.82999999999994
"propensity",3,1.247,5.07999999999994
"propensity",5,1.198,5.38999999999993
"prognostic",1,1.079,3.42999999999997
"prognostic",2,1.243,5.89999999999992
"prognostic",3,1.212,6.16999999999991
"prognostic",5,1.278,8.04999999999987
"mahalanobis",1,1.271,4.30999999999995
"mahalanobis",2,1.222,4.75999999999994
"mahalanobis",3,1.228,5.47999999999993
"mahalanobis",5,1.351,7.26999999999989
"propensity",1,1.034,2.27
"propensity",2,1.182,3.20999999999998
"propensity",3,1.257,4.11999999999996
"propensity",5,1.271,4.82999999999994
"prognostic",1,1.27,4.26999999999995
"prognostic",2,1.341,5.98999999999992
"prognostic",3,1.306,6.5699999999999
"prognostic",5,1.238,6.4999999999999
"mahalanobis",1,1.188,4.46999999999995
"mahalanobis",2,1.27,6.29999999999991
"mahalanobis",3,1.273,6.7999999999999
"mahalanobis",5,1.296,7.13999999999989
"propensity",1,0.921,2.27999999999999
"propensity",2,1.051,2.89999999999998
"propensity",3,1.143,3.82999999999996
"propensity",5,1.143,4.26999999999995
"prognostic",1,1.212,3.96999999999996
"prognostic",2,1.094,4.09999999999996
"prognostic",3,1.138,4.65999999999994
"prognostic",5,1.176,5.94999999999992
"mahalanobis",1,1.121,3.96999999999996
"mahalanobis",2,1.154,5.50999999999993
"mahalanobis",3,1.129,5.71999999999992
"mahalanobis",5,1.16,6.05999999999991
