"method","k","estimate","gamma"
"propensity",1,1.12,2.55999999999999
"propensity",2,1.169,3.47999999999997
"propensity",3,1.206,3.80999999999996
"propensity",5,1.202,4.29999999999995
"prognostic",1,1.322,5.01999999999994
"prognostic",2,1.241,6.25999999999991
"prognostic",3,1.267,6.25999999999991
"prognostic",5,1.242,7.31999999999989
"mahalanobis",1,1.148,5.15999999999993
"mahalanobis",2,1.188,4.97999999999994
"mahalanobis",3,1.175,5.48999999999993
"mahalanobis",5,1.196,6.39999999999991
"propensity",1,1.332,3.58999999999997
"propensity",2,1.241,3.65999999999997
"propensity",3,1.145,3.58999999999997
"propensity",5,1.151,4.23999999999995
"prognostic",1,1.093,3.32999999999997
"prognostic",2,1.205,4.38999999999995
"prognostic",3,1.3,4.83999999999994
"prognostic",5,1.228,6.6599999999999
"mahalanobis",1,0.824,2.16
"mahalanobis",2,1.099,3.88999999999996
"mahalanobis",3,1.195,4.79999999999994
"mahalanobis",5,1.259,6.40999999999991
"propensity",1,1.262,3.14999999999998
"propensity",2,1.325,4.39999999999995
"propensity",3,1.316,4.82999999999994
"propensity",5,1.3,6.09999999999991
"prognostic",1,1.238,3.53999999999997
"prognostic",2,1.261,4.78999999999994
"prognostic",3,1.307,5.62999999999992
"prognostic",5,1.212,6.47999999999991
"mahalanobis",1,1.279,5.01999999999994
"mahalanobis",2,1.293,5.82999999999992
"mahalanobis",3,1.294,6.23999999999991
"mahalanobis",5,1.335,7.61999999999988
"propensity",1,1.354,2.89999999999998
"propensity",2,1.239,3.25999999999997
"propensity",3,1.168,3.24999999999997
"propensity",5,1.103,3.33999999999997
"prognostic",1,0.85,2.38999999999999
"prognostic",2,0.995,3.45999999999997
"prognostic",3,1.066,4.39999999999995
"prognostic",5,1.003,5.04999999999994
"mahalanobis",1,0.863,2.34999999999999
"mahalanobis",2,0.943,3.18999999999998
"mahalanobis",3,0.922,3.35999999999997
"mahalanobis",5,0.985,4.25999999999995
"propensity",1,1.658,3.71999999999996
"propensity",2,1.512,3.72999999999996
"propensity",3,1.435,4.13999999999996
"propensity",5,1.442,5.23999999999993
"prognostic",1,1.565,4.46999999999995
"prognostic",2,1.479,5.57999999999992
"prognostic",3,1.434,6.8799999999999
"prognostic",5,1.45,9.04999999999985
"mahalanobis",1,1.357,3.62999999999997
"mahalanobis",2,1.355,4.88999999999994
"mahalanobis",3,1.404,6.5699999999999
"mahalanobis",5,1.413,7.55999999999988
"propensity",1,1.102,2.49999999999999
"propensity",2,1.068,2.85999999999998
"propensity",3,1.083,3.20999999999998
"propensity",5,1.102,3.79999999999996
"prognostic",1,1.059,3.25999999999997
"prognostic",2,1.016,3.56999999999997
"prognostic",3,1.102,4.72999999999994
"prognostic",5,1.053,5.67999999999992
"mahalanobis",1,1.217,4.18999999999995
"mahalanobis",2,1.168,4.70999999999994
"mahalanobis",3,1.127,4.70999999999994
"mahalanobis",5,1.11,5.44999999999993
"propensity",1,1.313,3.14999999999998
"propensity",2,1.322,4.04999999999996
"propensity",3,1.379,4.78999999999994
"propensity",5,1.314,4.94999999999994
"prognostic",1,1.203,3.45999999999997
"prognostic",2,1.231,5.40999999999993
"prognostic",3,1.301,7.05999999999989
"prognostic",5,1.299,7.55999999999988
"mahalanobis",1,1.369,5.15999999999993
"mahalanobis",2,1.378,6.03999999999991
"mahalanobis",3,1.371,6.7799999999999
"mahalanobis",5,1.362,7.73999999999988
"propensity",1,1.329,3.11999999999998
"propensity",2,1.431,4.19999999999995
"propensity",3,1.405,4.81999999999994
"propensity",5,1.395,5.95999999999992
"prognostic",1,1.183,3.59999999999997
"prognostic",2,1.286,6.7799999999999
"prognostic",3,1.399,7.36999999999989
"prognostic",5,1.276,7.55999999999988
"mahalanobis",1,1.466,6.9599999999999
"mahalanobis",2,1.389,6.7599999999999
"mahalanobis",3,1.315,6.9399999999999
"mahalanobis",5,1.35,7.80999999999988
"propensity",1,1.366,3.45999999999997
"propensity",2,1.15,3.20999999999998
"propensity",3,1.227,4.15999999999995
"propensity",5,1.22,4.33999999999995
"prognostic",1,1.159,3.36999999999997
"prognostic",2,1.149,3.82999999999996
"prognostic",3,1.227,6.32999999999991
"prognostic",5,1.199,6.9399999999999
"mahalanobis",1,0.991,2.41999999999999
"mahalanobis",2,1.128,3.93999999999996
"mahalanobis",3,1.139,4.38999999999995
"mahalanobis",5,1.174,5.67999999999992
"propensity",1,1.111,3.15999999999998
"propensity",2,1.191,3.55999999999997
"propensity",3,1.212,4.10999999999996
"propensity",5,1.234,4.62999999999994
"prognostic",1,1.264,4.64999999999994
"prognostic",2,1.234,5.36999999999993
"prognostic",3,1.263,8.12999999999987
"prognostic",5,1.245,8.74999999999986
"mahalanobis",1,1.11,3.57999999999997
"mahalanobis",2,1.168,4.68999999999994
"mahalanobis",3,1.202,5.21999999999993
"mahalanobis",5,1.231,6.28999999999991
