"method","k","estimate","gamma"
"propensity",1,1.265,2.68999999999999
"propensity",2,1.36,3.41999999999997
"propensity",3,1.285,3.52999999999997
"propensity",5,1.282,4.27999999999995
"prognostic",1,1.529,4.91999999999994
"prognostic",2,1.356,5.60999999999992
"prognostic",3,1.211,5.55999999999993
"prognostic",5,1.297,7.28999999999989
"mahalanobis",1,1.431,4.74999999999994
"mahalanobis",2,1.381,5.67999999999992
"mahalanobis",3,1.368,6.8099999999999
"mahalanobis",5,1.383,8.28999999999987
"propensity",1,1.241,3.38999999999997
"propensity",2,1.322,4.21999999999995
"propensity",3,1.318,4.54999999999995
"propensity",5,1.37,5.84999999999992
"prognostic",1,1.388,5.19999999999993
"prognostic",2,1.271,6.7399999999999
"prognostic",3,1.334,7.06999999999989
"prognostic",5,1.34,8.52999999999986
"mahalanobis",1,1.439,4.86999999999994
"mahalanobis",2,1.373,6.37999999999991
"mahalanobis",3,1.358,6.7099999999999
"mahalanobis",5,1.397,8.20999999999987
"propensity",1,1.238,3.08999999999998
"propensity",2,1.13,3.23999999999997
"propensity",3,1.129,3.59999999999997
"propensity",5,1.102,3.88999999999996
"prognostic",1,0.935,2.82999999999998
"prognostic",2,1.19,5.91999999999992
"prognostic",3,1.155,5.66999999999992
"prognostic",5,1.146,6.6299999999999
"mahalanobis",1,1.102,3.83999999999996
"mahalanobis",2,1.179,4.81999999999994
"mahalanobis",3,1.138,5.04999999999994
"mahalanobis",5,1.172,5.84999999999992
"propensity",1,1.238,3.48999999999997
"propensity",2,1.273,4.14999999999996
"propensity",3,1.281,4.40999999999995
"propensity",5,1.274,5.27999999999993
"prognostic",1,1.435,5.51999999999993
"prognostic",2,1.286,5.57999999999992
"prognostic",3,1.295,5.63999999999992
"prognostic",5,1.309,6.6399999999999
"mahalanobis",1,1.153,3.14999999999998
"mahalanobis",2,1.271,4.37999999999995
"mahalanobis",3,1.32,5.47999999999993
"mahalanobis",5,1.328,6.7999999999999
"propensity",1,1.177,2.77999999999998
"propensity",2,1.22,3.53999999999997
"propensity",3,1.246,4.22999999999995
"propensity",5,1.196,4.87999999999994
"prognostic",1,1.102,3.71999999999996
"prognostic",2,1.107,4.29999999999995
"prognostic",3,1.202,5.16999999999993
"prognostic",5,1.055,5.46999999999993
"mahalanobis",1,1.417,5.74999999999992
"mahalanobis",2,1.406,7.41999999999989
"mahalanobis",3,1.384,8.08999999999987
"mahalanobis",5,1.412,8.67999999999986
"propensity",1,1.201,3.82999999999996
"propensity",2,1.087,3.53999999999997
"propensity",3,1.181,5.19999999999993
"propensity",5,1.156,4.87999999999994
"prognostic",1,1.119,2.94999999999998
"prognostic",2,1.119,4.59999999999995
"prognostic",3,1.151,5.51999999999993
"prognostic",5,1.135,5.52999999999993
"mahalanobis",1,0.988,3.01999999999998
"mahalanobis",2,1.046,3.96999999999996
"mahalanobis",3,1.129,4.84999999999994
"mahalanobis",5,1.178,5.82999999999992
"propensity",1,0.931,2
"propensity",2,1.092,2.83999999999998
"propensity",3,1.139,3.39999999999997
"propensity",5,1.181,4.06999999999996
"prognostic",1,1.18,3.69999999999996
"prognostic",2,0.994,3.69999999999996
"prognostic",3,1.12,5.26999999999993
"prognostic",5,1.169,6.8099999999999
"mahalanobis",1,1.05,3.96999999999996
"mahalanobis",2,1.249,5.56999999999992
"mahalanobis",3,1.264,5.68999999999992
"mahalanobis",5,1.265,6.6399999999999
"propensity",1,1.376,3.46999999999997
"propensity",2,1.239,4.02999999999996
"propensity",3,1.206,4.22999999999995
"propensity",5,1.182,4.19999999999995
"prognostic",1,1.252,3.60999999999997
"prognostic",2,1.39,7.35999999999989
"prognostic",3,1.301,6.7099999999999
"prognostic",5,1.288,7.45999999999988
"mahalanobis",1,1.314,4.40999999999995
"mahalanobis",2,1.296,5.19999999999993
"mahalanobis",3,1.328,6.23999999999991
"mahalanobis",5,1.358,7.40999999999989
"propensity",1,0.776,1.66
"propensity",2,0.82,2.08
"propensity",3,0.962,2.80999999999998
"propensity",5,0.955,2.93999999999998
"prognostic",1,1.179,3.79999999999996
"prognostic",2,0.977,3.42999999999997
"prognostic",3,1.028,4.41999999999995
"prognostic",5,1.045,4.58999999999995
"mahalanobis",1,1.041,2.73999999999999
"mahalanobis",2,1.149,3.95999999999996
"mahalanobis",3,1.123,4.13999999999996
"mahalanobis",5,1.091,4.52999999999995
"propensity",1,1.17,2.98999999999998
"propensity",2,1.104,3.25999999999997
"propensity",3,1.173,3.95999999999996
"propensity",5,1.132,4.24999999999995
"prognostic",1,1.457,6.5399999999999
"prognostic",2,1.139,4.23999999999995
"prognostic",3,1.14,4.86999999999994
"prognostic",5,1.143,5.34999999999993
"mahalanobis",1,1.343,3.80999999999996
"mahalanobis",2,1.262,4.40999999999995
"mahalanobis",3,1.262,5.20999999999993
"mahalanobis",5,1.314,6.20999999999991
