"method","k","estimate","gamma"
"propensity",1,1.128,2.56999999999999
"propensity",2,1.177,3.48999999999997
"propensity",3,1.203,3.70999999999996
"propensity",5,1.193,4.14999999999996
"prognostic",1,1.334,5.21999999999993
"prognostic",2,1.237,5.40999999999993
"prognostic",3,1.199,6.07999999999991
"prognostic",5,1.197,6.5499999999999
"mahalanobis",1,1.12,4.96999999999994
"mahalanobis",2,1.155,4.75999999999994
"mahalanobis",3,1.145,5.23999999999993
"mahalanobis",5,1.166,6.09999999999991
"propensity",1,1.324,3.37999999999997
"propensity",2,1.226,3.42999999999997
"propensity",3,1.135,3.44999999999997
"propensity",5,1.143,4.08999999999996
"prognostic",1,1.247,4.47999999999995
"prognostic",2,1.176,4.13999999999996
"prognostic",3,1.186,4.46999999999995
"prognostic",5,1.124,5.56999999999992
"mahalanobis",1,0.802,2.07
"mahalanobis",2,1.082,3.77999999999996
"mahalanobis",3,1.176,4.70999999999994
"mahalanobis",5,1.236,6.20999999999991
"propensity",1,1.266,2.97999999999998
"propensity",2,1.336,4.10999999999996
"propensity",3,1.325,4.47999999999995
"propensity",5,1.305,5.58999999999992
"prognostic",1,1.166,4.06999999999996
"prognostic",2,1.172,4.60999999999995
"prognostic",3,1.269,5.32999999999993
"prognostic",5,1.196,6.41999999999991
"mahalanobis",1,1.264,4.87999999999994
"mahalanobis",2,1.275,5.61999999999992
"mahalanobis",3,1.269,5.98999999999992
"mahalanobis",5,1.312,7.31999999999989
"propensity",1,1.348,2.88999999999998
"propensity",2,1.236,3.26999999999997
"propensity",3,1.17,3.26999999999997
"propensity",5,1.104,3.34999999999997
"prognostic",1,1.045,3.10999999999998
"prognostic",2,1.017,3.61999999999997
"prognostic",3,1.078,4.63999999999994
"prognostic",5,1.047,5.31999999999993
"mahalanobis",1,0.83,2.23
"mahalanobis",2,0.918,3.04999999999998
"mahalanobis",3,0.897,3.20999999999998
"mahalanobis",5,0.959,4.03999999999996
"propensity",1,1.66,3.83999999999996
"propensity",2,1.522,3.89999999999996
"propensity",3,1.438,4.29999999999995
"propensity",5,1.446,5.43999999999993
"prognostic",1,1.401,4.08999999999996
"prognostic",2,1.466,5.15999999999993
"prognostic",3,1.489,6.8599999999999
"prognostic",5,1.46,8.98999999999985
"mahalanobis",1,1.346,3.62999999999997
"mahalanobis",2,1.346,4.85999999999994
"mahalanobis",3,1.384,6.46999999999991
"mahalanobis",5,1.392,7.40999999999989
"propensity",1,1.104,2.50999999999999
"propensity",2,1.073,2.85999999999998
"propensity",3,1.086,3.20999999999998
"propensity",5,1.1,3.77999999999996
"prognostic",1,1.148,4.00999999999996
"prognostic",2,1.066,4.15999999999995
"prognostic",3,1.075,4.17999999999995
"prognostic",5,1.037,4.94999999999994
"mahalanobis",1,1.191,4.02999999999996
"mahalanobis",2,1.14,4.52999999999995
"mahalanobis",3,1.098,4.47999999999995
"mahalanobis",5,1.08,5.16999999999993
"propensity",1,1.305,3.05999999999998
"propensity",2,1.323,3.89999999999996
"propensity",3,1.384,4.57999999999995
"propensity",5,1.313,4.70999999999994
"prognostic",1,1.154,4.26999999999995
"prognostic",2,1.199,5.89999999999992
"prognostic",3,1.295,6.16999999999991
"prognostic",5,1.163,5.43999999999993
"mahalanobis",1,1.353,5.07999999999994
"mahalanobis",2,1.358,5.86999999999992
"mahalanobis",3,1.341,6.5099999999999
"mahalanobis",5,1.332,7.52999999999988
"propensity",1,1.328,3.01999999999998
"propensity",2,1.426,4.12999999999996
"propensity",3,1.402,4.79999999999994
"propensity",5,1.396,5.92999999999992
"prognostic",1,1.345,4.67999999999994
"prognostic",2,1.29,6.5199999999999
"prognostic",3,1.388,7.12999999999989
"prognostic",5,1.3,7.24999999999989
"mahalanobis",1,1.465,6.8299999999999
"mahalanobis",2,1.369,6.41999999999991
"mahalanobis",3,1.292,6.5899999999999
"mahalanobis",5,1.33,7.45999999999988
"propensity",1,1.392,3.53999999999997
"propensity",2,1.159,3.19999999999998
"propensity",3,1.228,4.11999999999996
"propensity",5,1.223,4.29999999999995
"prognostic",1,0.986,2.45999999999999
"prognostic",2,1.141,3.88999999999996
"prognostic",3,1.232,5.98999999999992
"prognostic",5,1.141,5.71999999999992
"mahalanobis",1,0.975,2.35999999999999
"mahalanobis",2,1.099,3.73999999999996
"mahalanobis",3,1.107,4.15999999999995
"mahalanobis",5,1.138,5.34999999999993
"propensity",1,1.104,3.12999999999998
"propensity",2,1.188,3.56999999999997
"propensity",3,1.212,4.12999999999996
"propensity",5,1.227,4.63999999999994
"prognostic",1,1.254,4.78999999999994
"prognostic",2,1.151,5.48999999999993
"prognostic",3,1.165,6.40999999999991
"prognostic",5,1.184,7.81999999999988
"mahalanobis",1,1.081,3.39999999999997
"mahalanobis",2,1.136,4.47999999999995
"mahalanobis",3,1.168,4.98999999999994
"mahalanobis",5,1.194,5.97999999999992
