"method","k","estimate","gamma"
"propensity",1,1.097,2.58999999999999
"propensity",2,1.048,3.01999999999998
"propensity",3,1.081,3.49999999999997
"propensity",5,1.05,3.71999999999996
"prognostic",1,1.138,2.94999999999998
"prognostic",2,1.02,3.71999999999996
"prognostic",3,1.009,3.76999999999996
"prognostic",5,1.114,5.26999999999993
"mahalanobis",1,0.983,2.84999999999998
"mahalanobis",2,1.204,4.44999999999995
"mahalanobis",3,1.15,4.72999999999994
"mahalanobis",5,1.167,5.34999999999993
"propensity",1,0.565,1.28
"propensity",2,0.688,1.69
"propensity",3,0.762,1.95
"propensity",5,0.805,2.35999999999999
"prognostic",1,0.832,2.36999999999999
"prognostic",2,0.876,3.45999999999997
"prognostic",3,0.885,3.64999999999997
"prognostic",5,0.853,3.80999999999996
"mahalanobis",1,0.882,2.88999999999998
"mahalanobis",2,0.897,3.33999999999997
"mahalanobis",3,0.911,3.43999999999997
"mahalanobis",5,0.892,3.75999999999996
"propensity",1,1.06,2.39999999999999
"propensity",2,1.16,3.34999999999997
"propensity",3,1.077,3.07999999999998
"propensity",5,1.149,3.82999999999996
"prognostic",1,1.04,3.12999999999998
"prognostic",2,1.087,4.76999999999994
"prognostic",3,1.102,4.71999999999994
"prognostic",5,1.112,5.92999999999992
"mahalanobis",1,1.105,3.00999999999998
"mahalanobis",2,1.114,3.87999999999996
"mahalanobis",3,1.064,3.95999999999996
"mahalanobis",5,1.096,4.64999999999994
"propensity",1,1.145,2.14
"propensity",2,1.106,2.69999999999999
"propensity",3,1.18,3.29999999999997
"propensity",5,1.123,3.49999999999997
"prognostic",1,1.203,3.23999999999997
"prognostic",2,1.001,2.98999999999998
"prognostic",3,1.078,4.68999999999994
"prognostic",5,1.069,4.96999999999994
"mahalanobis",1,1.241,3.23999999999997
"mahalanobis",2,1.225,4.32999999999995
"mahalanobis",3,1.161,4.42999999999995
"mahalanobis",5,1.15,5.07999999999994
"propensity",1,1.172,2.28999999999999
"propensity",2,1.071,2.84999999999998
"propensity",3,1.037,2.93999999999998
"propensity",5,1.112,3.53999999999997
"prognostic",1,1.083,3.28999999999997
"prognostic",2,1.07,4.61999999999995
"prognostic",3,1.098,4.56999999999995
"prognostic",5,1.119,5.05999999999994
"mahalanobis",1,1.175,4.23999999999995
"mahalanobis",2,1.243,4.98999999999994
"mahalanobis",3,1.21,5.45999999999993
"mahalanobis",5,1.237,6.6099999999999
"propensity",1,1.329,2.90999999999998
"propensity",2,1.284,3.70999999999996
"propensity",3,1.263,3.95999999999996
"propensity",5,1.285,4.47999999999995
"prognostic",1,1.389,5.83999999999992
"prognostic",2,1.339,5.63999999999992
"prognostic",3,1.361,7.20999999999989
"prognostic",5,1.239,6.02999999999991
"mahalanobis",1,1.241,3.28999999999997
"mahalanobis",2,1.201,4.41999999999995
"mahalanobis",3,1.229,5.05999999999994
"mahalanobis",5,1.312,6.40999999999991
"propensity",1,1.173,2.41999999999999
"propensity",2,1.151,2.95999999999998
"propensity",3,1.212,3.43999999999997
"propensity",5,1.264,4.03999999999996
"prognostic",1,1.154,3.48999999999997
"prognostic",2,1.286,4.57999999999995
"prognostic",3,1.373,6.6399999999999
"prognostic",5,1.266,6.43999999999991
"mahalanobis",1,1.341,4.65999999999994
"mahalanobis",2,1.331,5.93999999999992
"mahalanobis",3,1.406,7.41999999999989
"mahalanobis",5,1.396,7.91999999999987
"propensity",1,1.254,2.24
"propensity",2,1.089,2.46999999999999
"propensity",3,1.1,2.97999999999998
"propensity",5,1.059,3.11999999999998
"prognostic",1,1.144,4.21999999999995
"prognostic",2,1.045,3.91999999999996
"prognostic",3,1.112,3.90999999999996
"prognostic",5,1.275,7.55999999999988
"mahalanobis",1,1.261,3.14999999999998
"mahalanobis",2,1.338,4.64999999999994
"mahalanobis",3,1.226,4.77999999999994
"mahalanobis",5,1.253,6.10999999999991
"propensity",1,1.346,3.16999999999998
"propensity",2,1.243,3.10999999999998
"propensity",3,1.155,3.08999999999998
"propensity",5,1.179,3.76999999999996
"prognostic",1,1.081,4.69999999999994
"prognostic",2,1.204,4.89999999999994
"prognostic",3,1.128,4.88999999999994
"prognostic",5,1.116,5.64999999999992
"mahalanobis",1,1.252,4.28999999999995
"mahalanobis",2,1.259,5.50999999999993
"mahalanobis",3,1.228,5.90999999999992
"mahalanobis",5,1.191,6.14999999999991
"propensity",1,1.369,2.66999999999999
"propensity",2,1.366,3.70999999999996
"propensity",3,1.125,3.22999999999997
"propensity",5,1.068,3.21999999999997
"prognostic",1,0.971,3.09999999999998
"prognostic",2,1.004,3.96999999999996
"prognostic",3,1.224,5.93999999999992
"prognostic",5,0.979,4.45999999999995
"mahalanobis",1,1.192,3.28999999999997
"mahalanobis",2,1.014,3.27999999999997
"mahalanobis",3,1.08,4.11999999999996
"mahalanobis",5,1.113,5.14999999999993
