"method","k","estimate","gamma"
"propensity",1,0.944,1.89
"propensity",2,1.012,2.37999999999999
"propensity",3,1.03,2.77999999999998
"propensity",5,1.069,3.33999999999997
"prognostic",1,1.133,3.14999999999998
"prognostic",2,1.193,5.46999999999993
"prognostic",3,1.13,4.98999999999994
"prognostic",5,1.096,5.08999999999994
"mahalanobis",1,1.19,3.66999999999997
"mahalanobis",2,1.088,3.66999999999997
"mahalanobis",3,1.089,4.17999999999995
"mahalanobis",5,1.08,4.43999999999995
"propensity",1,0.916,2.01
"propensity",2,1.042,2.66999999999999
"propensity",3,1.016,2.90999999999998
"propensity",5,1.056,3.16999999999998
"prognostic",1,0.979,2.87999999999998
"prognostic",2,0.95,3.16999999999998
"prognostic",3,0.966,3.63999999999997
"prognostic",5,1.005,4.53999999999995
"mahalanobis",1,0.95,2.73999999999999
"mahalanobis",2,1.021,3.47999999999997
"mahalanobis",3,1.049,4.24999999999995
"mahalanobis",5,1.026,4.23999999999995
"propensity",1,1.187,2.34999999999999
"propensity",2,1.114,2.81999999999998
"propensity",3,1.107,3.31999999999997
"propensity",5,1.169,4.11999999999996
"prognostic",1,1.122,3.29999999999997
"prognostic",2,1.049,3.89999999999996
"prognostic",3,1.003,4.54999999999995
"prognostic",5,1.1,5.36999999999993
"mahalanobis",1,1.052,2.59999999999999
"mahalanobis",2,1.13,3.86999999999996
"mahalanobis",3,1.098,4.37999999999995
"mahalanobis",5,1.112,5.24999999999993
"propensity",1,1.127,2.48999999999999
"propensity",2,1.035,2.73999999999999
"propensity",3,1.012,3.01999999999998
"propensity",5,1.054,3.53999999999997
"prognostic",1,1.022,2.95999999999998
"prognostic",2,1.008,4.25999999999995
"prognostic",3,1.189,6.01999999999992
"prognostic",5,1.06,5.20999999999993
"mahalanobis",1,1.221,3.96999999999996
"mahalanobis",2,1.198,4.91999999999994
"mahalanobis",3,1.199,5.73999999999992
"mahalanobis",5,1.18,5.73999999999992
"propensity",1,1.134,2.54999999999999
"propensity",2,1.257,3.86999999999996
"propensity",3,1.289,4.31999999999995
"propensity",5,1.371,5.44999999999993
"prognostic",1,1.152,4.48999999999995
"prognostic",2,1.318,6.6899999999999
"prognostic",3,1.272,7.84999999999988
"prognostic",5,1.269,8.73999999999986
"mahalanobis",1,1.478,4.96999999999994
"mahalanobis",2,1.282,5.25999999999993
"mahalanobis",3,1.263,5.24999999999993
"mahalanobis",5,1.226,6.12999999999991
"propensity",1,1.259,2.52999999999999
"propensity",2,1.216,3.10999999999998
"propensity",3,1.164,3.27999999999997
"propensity",5,1.189,3.68999999999996
"prognostic",1,1.34,3.71999999999996
"prognostic",2,1.054,4.40999999999995
"prognostic",3,1.072,4.37999999999995
"prognostic",5,1.214,6.34999999999991
"mahalanobis",1,1.215,3.68999999999996
"mahalanobis",2,1.278,5.12999999999993
"mahalanobis",3,1.267,6.20999999999991
"mahalanobis",5,1.236,6.24999999999991
"propensity",1,1.534,3.42999999999997
"propensity",2,1.373,3.66999999999997
"propensity",3,1.321,3.82999999999996
"propensity",5,1.342,4.71999999999994
"prognostic",1,1.371,3.79999999999996
"prognostic",2,1.223,4.66999999999994
"prognostic",3,1.353,6.41999999999991
"prognostic",5,1.36,8.53999999999986
"mahalanobis",1,1.285,3.39999999999997
"mahalanobis",2,1.324,4.75999999999994
"mahalanobis",3,1.336,5.85999999999992
"mahalanobis",5,1.325,6.8899999999999
"propensity",1,1.436,3.78999999999996
"propensity",2,1.47,4.90999999999994
"propensity",3,1.47,5.11999999999993
"propensity",5,1.347,4.59999999999995
"prognostic",1,1.566,5.28999999999993
"prognostic",2,1.421,7.13999999999989
"prognostic",3,1.414,6.9599999999999
"prognostic",5,1.378,6.98999999999989
"mahalanobis",1,1.433,5.56999999999992
"mahalanobis",2,1.495,7.48999999999988
"mahalanobis",3,1.449,8.20999999999987
"mahalanobis",5,1.402,8.55999999999986
"propensity",1,1.179,2.44999999999999
"propensity",2,1.132,2.74999999999998
"propensity",3,1.191,3.25999999999997
"propensity",5,1.168,3.50999999999997
"prognostic",1,1.224,3.72999999999996
"prognostic",2,1.284,5.02999999999994
"prognostic",3,1.232,5.39999999999993
"prognostic",5,1.21,5.86999999999992
"mahalanobis",1,1.034,3.02999999999998
"mahalanobis",2,1.164,4.36999999999995
"mahalanobis",3,1.225,5.55999999999993
"mahalanobis",5,1.222,5.87999999999992
"propensity",1,1.207,2.81999999999998
"propensity",2,1.096,2.89999999999998
"propensity",3,1.055,3.02999999999998
"propensity",5,1.071,3.46999999999997
"prognostic",1,1.124,3.45999999999997
"prognostic",2,0.819,3.03999999999998
"prognostic",3,1.049,4.47999999999995
"prognostic",5,0.973,4.38999999999995
"mahalanobis",1,0.914,2.83999999999998
"mahalanobis",2,1.022,3.37999999999997
"mahalanobis",3,0.995,3.47999999999997
"mahalanobis",5,1.084,4.67999999999994
