"method","k","estimate","gamma"
"propensity",1,1.246,2.81999999999998
"propensity",2,1.148,3.16999999999998
"propensity",3,1.151,3.46999999999997
"propensity",5,1.175,4.33999999999995
"prognostic",1,1.299,4.36999999999995
"prognostic",2,1.09,4.90999999999994
"prognostic",3,1.167,6.5399999999999
"prognostic",5,1.149,6.30999999999991
"mahalanobis",1,1.166,3.92999999999996
"mahalanobis",2,1.151,4.50999999999995
"mahalanobis",3,1.219,5.37999999999993
"mahalanobis",5,1.251,6.45999999999991
"propensity",1,1.219,3.46999999999997
"propensity",2,1.201,4.74999999999994
"propensity",3,1.232,5.32999999999993
"propensity",5,1.166,5.78999999999992
"prognostic",1,1.247,4.77999999999994
"prognostic",2,1.196,5.42999999999993
"prognostic",3,1.087,4.34999999999995
"prognostic",5,1.198,6.5299999999999
"mahalanobis",1,1.35,4.95999999999994
"mahalanobis",2,1.354,5.75999999999992
"mahalanobis",3,1.304,6.33999999999991
"mahalanobis",5,1.275,6.8899999999999
"propensity",1,1.065,2.27999999999999
"propensity",2,1.12,3.03999999999998
"propensity",3,1.097,3.47999999999997
"propensity",5,1.109,3.98999999999996
"prognostic",1,1.239,4.10999999999996
"prognostic",2,1.215,5.00999999999994
"prognostic",3,1.233,5.03999999999994
"prognostic",5,1.256,6.98999999999989
"mahalanobis",1,1.206,3.94999999999996
"mahalanobis",2,1.229,4.54999999999995
"mahalanobis",3,1.257,5.37999999999993
"mahalanobis",5,1.253,5.91999999999992
"propensity",1,1.204,2.58999999999999
"propensity",2,1.031,2.68999999999999
"propensity",3,1.087,3.22999999999997
"propensity",5,1.03,3.43999999999997
"prognostic",1,1.173,3.31999999999997
"prognostic",2,1.116,4.17999999999995
"prognostic",3,1.128,4.78999999999994
"prognostic",5,1.129,5.78999999999992
"mahalanobis",1,1.2,3.44999999999997
"mahalanobis",2,1.161,4.29999999999995
"mahalanobis",3,1.204,5.29999999999993
"mahalanobis",5,1.198,5.78999999999992
"propensity",1,1.265,3.00999999999998
"propensity",2,1.114,3.02999999999998
"propensity",3,1.12,3.77999999999996
"propensity",5,1.104,4.13999999999996
"prognostic",1,1.234,3.66999999999997
"prognostic",2,1.262,5.16999999999993
"prognostic",3,1.353,6.5099999999999
"prognostic",5,1.248,6.27999999999991
"mahalanobis",1,1.262,4.01999999999996
"mahalanobis",2,1.41,6.00999999999992
"mahalanobis",3,1.416,6.6099999999999
"mahalanobis",5,1.345,7.59999999999988
"propensity",1,1.155,2.31999999999999
"propensity",2,1.24,3.41999999999997
"propensity",3,1.166,3.33999999999997
"propensity",5,1.105,3.56999999999997
"prognostic",1,1.295,4.42999999999995
"prognostic",2,1.231,4.57999999999995
"prognostic",3,1.137,5.00999999999994
"prognostic",5,1.188,5.85999999999992
"mahalanobis",1,1.118,2.91999999999998
"mahalanobis",2,1.185,3.97999999999996
"mahalanobis",3,1.202,4.58999999999995
"mahalanobis",5,1.276,6.22999999999991
"propensity",1,0.947,2.1
"propensity",2,1.075,3.23999999999997
"propensity",3,1.026,3.49999999999997
"propensity",5,1.054,3.99999999999996
"prognostic",1,0.979,2.86999999999998
"prognostic",2,0.947,3.76999999999996
"prognostic",3,1.075,4.82999999999994
"prognostic",5,1.051,5.32999999999993
"mahalanobis",1,1.13,3.64999999999997
"mahalanobis",2,1.091,3.90999999999996
"mahalanobis",3,1.088,4.44999999999995
"mahalanobis",5,1.149,5.26999999999993
"propensity",1,0.931,2.63999999999999
"propensity",2,1.07,4.18999999999995
"propensity",3,1.08,4.55999999999995
"propensity",5,1.076,5.30999999999993
"prognostic",1,1.035,4.19999999999995
"prognostic",2,1.186,6.8799999999999
"prognostic",3,1.131,5.48999999999993
"prognostic",5,1.061,5.99999999999992
"mahalanobis",1,1.239,4.46999999999995
"mahalanobis",2,1.183,5.08999999999994
"mahalanobis",3,1.203,5.80999999999992
"mahalanobis",5,1.306,7.27999999999989
"propensity",1,1.064,2.62999999999999
"propensity",2,1.024,3.26999999999997
"propensity",3,1.051,3.61999999999997
"propensity",5,1.14,4.88999999999994
"prognostic",1,1.133,3.10999999999998
"prognostic",2,1.17,5.32999999999993
"prognostic",3,1.167,4.96999999999994
"prognostic",5,1.08,5.42999999999993
"mahalanobis",1,1.39,4.56999999999995
"mahalanobis",2,1.345,5.29999999999993
"mahalanobis",3,1.359,6.31999999999991
"mahalanobis",5,1.321,7.29999999999989
"propensity",1,1.325,2.91999999999998
"propensity",2,1.246,3.17999999999998
"propensity",3,1.251,3.95999999999996
"propensity",5,1.291,5.11999999999993
"prognostic",1,1.402,4.57999999999995
"prognostic",2,1.393,6.06999999999991
"prognostic",3,1.411,9.26999999999985
"prognostic",5,1.382,7.92999999999987
"mahalanobis",1,1.513,7.09999999999989
"mahalanobis",2,1.567,7.50999999999988
"mahalanobis",3,1.509,8.75999999999986
"mahalanobis",5,1.491,9.86999999999983
