"method","k","estimate","gamma"
"propensity",1,1.278,3.38999999999997
"propensity",2,1.367,4.43999999999995
"propensity",3,1.382,4.74999999999994
"propensity",5,1.357,5.67999999999992
"prognostic",1,1.332,3.98999999999996
"prognostic",2,1.409,6.38999999999991
"prognostic",3,1.439,6.31999999999991
"prognostic",5,1.419,7.85999999999988
"mahalanobis",1,1.492,4.80999999999994
"mahalanobis",2,1.503,6.6699999999999
"mahalanobis",3,1.494,7.42999999999989
"mahalanobis",5,1.496,9.71999999999984
"propensity",1,1.187,2.95999999999998
"propensity",2,1.232,3.84999999999996
"propensity",3,1.206,4.17999999999995
"propensity",5,1.207,4.67999999999994
"prognostic",1,1.091,2.99999999999998
"prognostic",2,1.231,5.45999999999993
"prognostic",3,1.289,6.9499999999999
"prognostic",5,1.232,6.8199999999999
"mahalanobis",1,1.319,4.29999999999995
"mahalanobis",2,1.289,5.27999999999993
"mahalanobis",3,1.337,7.09999999999989
"mahalanobis",5,1.352,8.37999999999987
"propensity",1,1.306,3.18999999999998
"propensity",2,1.222,3.48999999999997
"propensity",3,1.24,3.97999999999996
"propensity",5,1.261,4.59999999999995
"prognostic",1,1.313,4.26999999999995
"prognostic",2,1.299,5.77999999999992
"prognostic",3,1.312,7.81999999999988
"prognostic",5,1.213,7.23999999999989
"mahalanobis",1,1.29,3.80999999999996
"mahalanobis",2,1.263,5.07999999999994
"mahalanobis",3,1.227,5.09999999999993
"mahalanobis",5,1.312,6.7699999999999
"propensity",1,1.226,2.91999999999998
"propensity",2,1.135,3.30999999999997
"propensity",3,1.151,3.75999999999996
"propensity",5,1.204,4.70999999999994
"prognostic",1,1.242,4.31999999999995
"prognostic",2,1.171,4.89999999999994
"prognostic",3,1.116,5.69999999999992
"prognostic",5,1.154,6.7099999999999
"mahalanobis",1,1.087,3.32999999999997
"mahalanobis",2,1.21,5.33999999999993
"mahalanobis",3,1.154,5.73999999999992
"mahalanobis",5,1.186,6.5599999999999
"propensity",1,1.19,3.05999999999998
"propensity",2,1.138,3.32999999999997
"propensity",3,1.135,3.63999999999997
"propensity",5,1.083,3.78999999999996
"prognostic",1,1.153,3.29999999999997
"prognostic",2,1.081,3.31999999999997
"prognostic",3,1.042,3.72999999999996
"prognostic",5,1.051,4.70999999999994
"mahalanobis",1,1.096,3.49999999999997
"mahalanobis",2,1.026,3.19999999999998
"mahalanobis",3,1.132,4.14999999999996
"mahalanobis",5,1.129,4.83999999999994
"propensity",1,1.188,2.52999999999999
"propensity",2,1.118,3.05999999999998
"propensity",3,1.219,4.03999999999996
"propensity",5,1.222,4.72999999999994
"prognostic",1,1.057,3.24999999999997
"prognostic",2,1.125,5.01999999999994
"prognostic",3,1.216,6.04999999999991
"prognostic",5,1.193,6.8999999999999
"mahalanobis",1,1.282,5.87999999999992
"mahalanobis",2,1.312,6.6899999999999
"mahalanobis",3,1.344,7.10999999999989
"mahalanobis",5,1.279,6.8499999999999
"propensity",1,1.238,3.07999999999998
"propensity",2,1.283,3.76999999999996
"propensity",3,1.241,4.16999999999995
"propensity",5,1.161,3.89999999999996
"prognostic",1,1.095,3.07999999999998
"prognostic",2,0.989,3.34999999999997
"prognostic",3,1.29,6.35999999999991
"prognostic",5,1.202,6.46999999999991
"mahalanobis",1,1.046,2.72999999999999
"mahalanobis",2,1.216,4.53999999999995
"mahalanobis",3,1.214,4.80999999999994
"mahalanobis",5,1.205,5.54999999999993
"propensity",1,1.143,2.53999999999999
"propensity",2,1.1,2.88999999999998
"propensity",3,1.095,3.28999999999997
"propensity",5,1.138,3.69999999999996
"prognostic",1,1.178,3.50999999999997
"prognostic",2,1.216,5.03999999999994
"prognostic",3,1.244,5.25999999999993
"prognostic",5,1.219,6.9399999999999
"mahalanobis",1,1.301,4.20999999999995
"mahalanobis",2,1.288,5.29999999999993
"mahalanobis",3,1.196,4.96999999999994
"mahalanobis",5,1.232,6.33999999999991
"propensity",1,1.385,3.05999999999998
"propensity",2,1.326,3.32999999999997
"propensity",3,1.34,3.70999999999996
"propensity",5,1.306,3.95999999999996
"prognostic",1,1.187,2.95999999999998
"prognostic",2,1.293,4.49999999999995
"prognostic",3,1.351,6.6499999999999
"prognostic",5,1.237,6.6099999999999
"mahalanobis",1,1.394,4.31999999999995
"mahalanobis",2,1.314,5.71999999999992
"mahalanobis",3,1.32,6.8299999999999
"mahalanobis",5,1.333,7.43999999999988
"propensity",1,1.206,2.44999999999999
"propensity",2,1.078,2.79999999999998
"propensity",3,1.204,3.71999999999996
"propensity",5,1.175,4.23999999999995
"prognostic",1,1.053,3.24999999999997
"prognostic",2,1.132,4.21999999999995
"prognostic",3,1.098,4.27999999999995
"prognostic",5,1.135,5.73999999999992
"mahalanobis",1,1.434,4.24999999999995
"mahalanobis",2,1.299,4.76999999999994
"mahalanobis",3,1.258,5.58999999999992
"mahalanobis",5,1.187,6.32999999999991
