"method","k","estimate","gamma"
"propensity",1,1.097,2.28999999999999
"propensity",2,1.071,3.00999999999998
"propensity",3,1.07,3.26999999999997
"propensity",5,1.137,4.22999999999995
"prognostic",1,0.98,2.66999999999999
"prognostic",2,0.983,3.75999999999996
"prognostic",3,1.048,4.27999999999995
"prognostic",5,1.012,4.77999999999994
"mahalanobis",1,1.447,4.30999999999995
"mahalanobis",2,1.247,3.74999999999996
"mahalanobis",3,1.229,4.32999999999995
"mahalanobis",5,1.247,5.38999999999993
"propensity",1,1.165,2.65999999999999
"propensity",2,1.216,3.36999999999997
"propensity",3,1.087,3.26999999999997
"propensity",5,1.154,4.10999999999996
"prognostic",1,1.097,3.33999999999997
"prognostic",2,1.202,5.45999999999993
"prognostic",3,1.139,5.20999999999993
"prognostic",5,1.205,7.31999999999989
"mahalanobis",1,1.213,4.49999999999995
"mahalanobis",2,1.172,5.22999999999993
"mahalanobis",3,1.139,4.93999999999994
"mahalanobis",5,1.133,5.69999999999992
"propensity",1,1.163,2.90999999999998
"propensity",2,1.133,3.79999999999996
"propensity",3,1.143,4.33999999999995
"propensity",5,1.137,5.01999999999994
"prognostic",1,1.395,4.42999999999995
"prognostic",2,1.155,4.81999999999994
"prognostic",3,1.193,6.02999999999991
"prognostic",5,1.143,6.02999999999991
"mahalanobis",1,1.375,5.11999999999993
"mahalanobis",2,1.329,5.71999999999992
"mahalanobis",3,1.288,5.82999999999992
"mahalanobis",5,1.306,7.17999999999989
"propensity",1,1.344,2.91999999999998
"propensity",2,1.296,3.74999999999996
"propensity",3,1.259,3.83999999999996
"propensity",5,1.293,4.46999999999995
"prognostic",1,1.333,4.86999999999994
"prognostic",2,1.237,5.73999999999992
"prognostic",3,1.307,7.27999999999989
"prognostic",5,1.246,6.6599999999999
"mahalanobis",1,1.247,4.11999999999996
"mahalanobis",2,1.188,4.83999999999994
"mahalanobis",3,1.217,5.33999999999993
"mahalanobis",5,1.195,5.49999999999993
"propensity",1,1.237,2.84999999999998
"propensity",2,1.325,3.64999999999997
"propensity",3,1.286,4.02999999999996
"propensity",5,1.283,4.53999999999995
"prognostic",1,1.185,3.36999999999997
"prognostic",2,1.243,4.59999999999995
"prognostic",3,1.219,4.89999999999994
"prognostic",5,1.251,6.5399999999999
"mahalanobis",1,1.233,3.71999999999996
"mahalanobis",2,1.296,4.66999999999994
"mahalanobis",3,1.333,5.61999999999992
"mahalanobis",5,1.349,6.7199999999999
"propensity",1,1.167,2.57999999999999
"propensity",2,1.198,3.49999999999997
"propensity",3,1.175,3.81999999999996
"propensity",5,1.137,3.90999999999996
"prognostic",1,1.198,4.90999999999994
"prognostic",2,1.145,4.33999999999995
"prognostic",3,1.214,5.43999999999993
"prognostic",5,1.185,5.85999999999992
"mahalanobis",1,1.162,3.70999999999996
"mahalanobis",2,1.264,4.87999999999994
"mahalanobis",3,1.234,5.25999999999993
"mahalanobis",5,1.262,6.29999999999991
"propensity",1,1.445,4.24999999999995
"propensity",2,1.292,4.33999999999995
"propensity",3,1.304,4.85999999999994
"propensity",5,1.303,6.18999999999991
"prognostic",1,1.286,4.46999999999995
"prognostic",2,1.379,7.01999999999989
"prognostic",3,1.363,7.69999999999988
"prognostic",5,1.33,8.70999999999986
"mahalanobis",1,1.331,4.64999999999994
"mahalanobis",2,1.328,5.14999999999993
"mahalanobis",3,1.333,5.93999999999992
"mahalanobis",5,1.382,7.22999999999989
"propensity",1,0.78,1.72
"propensity",2,0.821,2.18
"propensity",3,0.764,2.14
"propensity",5,0.883,2.71999999999999
"prognostic",1,1.05,3.73999999999996
"prognostic",2,0.862,2.58999999999999
"prognostic",3,0.941,3.26999999999997
"prognostic",5,0.949,3.69999999999996
"mahalanobis",1,0.723,1.75
"mahalanobis",2,0.971,2.99999999999998
"mahalanobis",3,0.958,3.42999999999997
"mahalanobis",5,1.007,4.09999999999996
"propensity",1,1.317,3.32999999999997
"propensity",2,1.42,5.00999999999994
"propensity",3,1.369,4.86999999999994
"propensity",5,1.345,5.73999999999992
"prognostic",1,1.155,3.52999999999997
"prognostic",2,1.274,5.59999999999992
"prognostic",3,1.293,6.38999999999991
"prognostic",5,1.253,6.7699999999999
"mahalanobis",1,1.228,4.41999999999995
"mahalanobis",2,1.262,5.37999999999993
"mahalanobis",3,1.271,5.92999999999992
"mahalanobis",5,1.359,7.52999999999988
"propensity",1,1.095,2.51999999999999
"propensity",2,1.18,3.42999999999997
"propensity",3,1.209,4.01999999999996
"propensity",5,1.248,4.19999999999995
"prognostic",1,1.064,3.60999999999997
"prognostic",2,1.125,5.14999999999993
"prognostic",3,1.077,5.01999999999994
"prognostic",5,1.155,6.38999999999991
"mahalanobis",1,1.171,3.73999999999996
"mahalanobis",2,1.202,4.35999999999995
"mahalanobis",3,1.2,5.14999999999993
"mahalanobis",5,1.263,6.00999999999992
