"method","k","estimate","gamma"
"propensity",1,1.146,4.48999999999995
"propensity",2,1.183,5.00999999999994
"propensity",3,1.182,5.57999999999992
"propensity",5,1.228,6.9299999999999
"prognostic",1,1.162,3.95999999999996
"prognostic",2,1.199,5.15999999999993
"prognostic",3,1.274,5.99999999999992
"prognostic",5,1.288,8.64999999999986
"mahalanobis",1,1.284,3.74999999999996
"mahalanobis",2,1.405,6.6199999999999
"mahalanobis",3,1.41,7.47999999999988
"mahalanobis",5,1.401,9.47999999999984
"propensity",1,1.042,2.82999999999998
"propensity",2,0.995,3.65999999999997
"propensity",3,1.061,4.49999999999995
"propensity",5,1.037,5.24999999999993
"prognostic",1,1.097,3.79999999999996
"prognostic",2,1.18,5.05999999999994
"prognostic",3,1.099,5.87999999999992
"prognostic",5,1.11,5.41999999999993
"mahalanobis",1,1.32,4.39999999999995
"mahalanobis",2,1.252,4.60999999999995
"mahalanobis",3,1.2,4.61999999999995
"mahalanobis",5,1.212,5.98999999999992
"propensity",1,0.668,1.79
"propensity",2,0.803,2.39999999999999
"propensity",3,0.775,2.59999999999999
"propensity",5,0.836,3.16999999999998
"prognostic",1,0.743,2.12
"prognostic",2,0.877,3.04999999999998
"prognostic",3,0.815,2.86999999999998
"prognostic",5,0.885,3.93999999999996
"mahalanobis",1,0.951,2.67999999999999
"mahalanobis",2,1.083,4.03999999999996
"mahalanobis",3,1.067,4.31999999999995
"mahalanobis",5,1.051,4.49999999999995
"propensity",1,1.217,3.02999999999998
"propensity",2,1.073,3.18999999999998
"propensity",3,1.048,3.52999999999997
"propensity",5,1.086,4.26999999999995
"prognostic",1,1.041,3.13999999999998
"prognostic",2,1.219,5.91999999999992
"prognostic",3,1.137,4.33999999999995
"prognostic",5,1.105,5.12999999999993
"mahalanobis",1,1.445,5.71999999999992
"mahalanobis",2,1.371,7.23999999999989
"mahalanobis",3,1.262,5.96999999999992
"mahalanobis",5,1.249,7.26999999999989
"propensity",1,1.255,3.63999999999997
"propensity",2,1.286,4.90999999999994
"propensity",3,1.24,4.93999999999994
"propensity",5,1.216,5.38999999999993
"prognostic",1,1.3,4.24999999999995
"prognostic",2,1.069,4.45999999999995
"prognostic",3,1.18,5.80999999999992
"prognostic",5,1.178,6.5699999999999
"mahalanobis",1,1.404,5.96999999999992
"mahalanobis",2,1.261,6.03999999999991
"mahalanobis",3,1.243,6.14999999999991
"mahalanobis",5,1.274,7.25999999999989
"propensity",1,1.229,3.06999999999998
"propensity",2,1.299,4.58999999999995
"propensity",3,1.246,4.99999999999994
"propensity",5,1.248,5.82999999999992
"prognostic",1,1.316,4.14999999999996
"prognostic",2,1.191,4.56999999999995
"prognostic",3,1.14,4.23999999999995
"prognostic",5,1.136,4.97999999999994
"mahalanobis",1,1.347,3.59999999999997
"mahalanobis",2,1.414,5.57999999999992
"mahalanobis",3,1.396,6.02999999999991
"mahalanobis",5,1.361,6.7199999999999
"propensity",1,1.316,3.49999999999997
"propensity",2,1.111,3.38999999999997
"propensity",3,1.108,3.70999999999996
"propensity",5,1.134,4.51999999999995
"prognostic",1,1.159,3.71999999999996
"prognostic",2,1.156,4.67999999999994
"prognostic",3,1.149,4.99999999999994
"prognostic",5,1.157,5.73999999999992
"mahalanobis",1,1.176,3.65999999999997
"mahalanobis",2,1.205,4.59999999999995
"mahalanobis",3,1.198,5.41999999999993
"mahalanobis",5,1.265,6.8799999999999
"propensity",1,1.442,3.83999999999996
"propensity",2,1.414,4.71999999999994
"propensity",3,1.452,5.54999999999993
"propensity",5,1.46,6.20999999999991
"prognostic",1,1.336,4.14999999999996
"prognostic",2,1.423,6.07999999999991
"prognostic",3,1.354,6.38999999999991
"prognostic",5,1.405,8.89999999999985
"mahalanobis",1,1.577,4.60999999999995
"mahalanobis",2,1.525,6.47999999999991
"mahalanobis",3,1.476,7.32999999999989
"mahalanobis",5,1.539,10.3899999999998
"propensity",1,1.264,3.11999999999998
"propensity",2,1.281,3.99999999999996
"propensity",3,1.299,4.55999999999995
"propensity",5,1.217,4.86999999999994
"prognostic",1,1.282,4.38999999999995
"prognostic",2,1.17,4.41999999999995
"prognostic",3,1.138,4.74999999999994
"prognostic",5,1.198,5.35999999999993
"mahalanobis",1,1.239,3.26999999999997
"mahalanobis",2,1.285,4.91999999999994
"mahalanobis",3,1.25,5.18999999999993
"mahalanobis",5,1.251,5.97999999999992
"propensity",1,1.096,3.22999999999997
"propensity",2,1.036,3.98999999999996
"propensity",3,1.045,4.04999999999996
"propensity",5,1.035,4.50999999999995
"prognostic",1,0.941,2.62999999999999
"prognostic",2,1.023,4.01999999999996
"prognostic",3,0.953,3.75999999999996
"prognostic",5,0.953,4.36999999999995
"mahalanobis",1,1.104,3.52999999999997
"mahalanobis",2,1.203,4.84999999999994
"mahalanobis",3,1.227,5.32999999999993
"mahalanobis",5,1.276,6.39999999999991
