"method","k","estimate","gamma"
"propensity",1,1.21,3.02999999999998
"propensity",2,1.123,3.47999999999997
"propensity",3,1.149,3.97999999999996
"propensity",5,1.168,4.82999999999994
"prognostic",1,1.022,2.73999999999999
"prognostic",2,1.085,4.75999999999994
"prognostic",3,1.176,6.09999999999991
"prognostic",5,1.157,6.31999999999991
"mahalanobis",1,1.169,4.07999999999996
"mahalanobis",2,1.153,4.58999999999995
"mahalanobis",3,1.229,5.58999999999992
"mahalanobis",5,1.31,7.03999999999989
"propensity",1,1.243,3.22999999999997
"propensity",2,1.223,3.97999999999996
"propensity",3,1.245,4.69999999999994
"propensity",5,1.129,4.56999999999995
"prognostic",1,1.209,4.05999999999996
"prognostic",2,1.209,5.26999999999993
"prognostic",3,1.197,5.28999999999993
"prognostic",5,1.191,6.9099999999999
"mahalanobis",1,1.363,5.13999999999993
"mahalanobis",2,1.322,5.65999999999992
"mahalanobis",3,1.297,6.27999999999991
"mahalanobis",5,1.259,6.32999999999991
"propensity",1,1.101,2.35999999999999
"propensity",2,1.142,2.97999999999998
"propensity",3,1.084,3.21999999999997
"propensity",5,1.092,3.66999999999997
"prognostic",1,1.135,3.38999999999997
"prognostic",2,1.247,5.00999999999994
"prognostic",3,1.123,4.50999999999995
"prognostic",5,1.2,6.6999999999999
"mahalanobis",1,1.2,4.13999999999996
"mahalanobis",2,1.212,4.80999999999994
"mahalanobis",3,1.236,5.61999999999992
"mahalanobis",5,1.229,6.04999999999991
"propensity",1,1.298,3.18999999999998
"propensity",2,1.106,3.25999999999997
"propensity",3,1.129,3.66999999999997
"propensity",5,1.065,3.67999999999997
"prognostic",1,1.09,2.93999999999998
"prognostic",2,1.099,4.30999999999995
"prognostic",3,1.077,4.58999999999995
"prognostic",5,1.139,5.53999999999993
"mahalanobis",1,1.276,3.52999999999997
"mahalanobis",2,1.19,4.44999999999995
"mahalanobis",3,1.23,5.41999999999993
"mahalanobis",5,1.219,5.75999999999992
"propensity",1,1.366,3.58999999999997
"propensity",2,1.191,3.84999999999996
"propensity",3,1.183,4.33999999999995
"propensity",5,1.159,4.78999999999994
"prognostic",1,1.202,4.17999999999995
"prognostic",2,1.186,4.67999999999994
"prognostic",3,1.254,6.35999999999991
"prognostic",5,1.257,7.56999999999988
"mahalanobis",1,1.294,4.09999999999996
"mahalanobis",2,1.414,6.14999999999991
"mahalanobis",3,1.432,7.05999999999989
"mahalanobis",5,1.338,7.40999999999989
"propensity",1,1.161,2.25
"propensity",2,1.259,3.25999999999997
"propensity",3,1.174,3.09999999999998
"propensity",5,1.11,3.23999999999997
"prognostic",1,1.102,2.84999999999998
"prognostic",2,1.171,4.07999999999996
"prognostic",3,1.175,4.86999999999994
"prognostic",5,1.146,5.34999999999993
"mahalanobis",1,1.006,2.63999999999999
"mahalanobis",2,1.086,3.62999999999997
"mahalanobis",3,1.135,4.09999999999996
"mahalanobis",5,1.221,5.53999999999993
"propensity",1,0.934,2.12
"propensity",2,1.11,3.37999999999997
"propensity",3,1.058,3.54999999999997
"propensity",5,1.028,3.80999999999996
"prognostic",1,1.025,3.17999999999998
"prognostic",2,1.039,4.18999999999995
"prognostic",3,1.039,4.56999999999995
"prognostic",5,1.108,6.25999999999991
"mahalanobis",1,1.11,3.48999999999997
"mahalanobis",2,1.103,3.88999999999996
"mahalanobis",3,1.086,4.35999999999995
"mahalanobis",5,1.145,5.26999999999993
"propensity",1,0.966,2.80999999999998
"propensity",2,1.096,3.96999999999996
"propensity",3,1.098,4.39999999999995
"propensity",5,1.072,4.62999999999994
"prognostic",1,1.241,4.74999999999994
"prognostic",2,1.038,4.34999999999995
"prognostic",3,1.066,5.44999999999993
"prognostic",5,1.092,6.7499999999999
"mahalanobis",1,1.252,4.34999999999995
"mahalanobis",2,1.175,4.94999999999994
"mahalanobis",3,1.178,5.59999999999992
"mahalanobis",5,1.271,6.99999999999989
"propensity",1,1.066,2.11
"propensity",2,1.093,3.03999999999998
"propensity",3,1.06,3.22999999999997
"propensity",5,1.138,3.96999999999996
"prognostic",1,0.983,2.77999999999998
"prognostic",2,1.134,4.25999999999995
"prognostic",3,1.144,4.95999999999994
"prognostic",5,1.075,4.88999999999994
"mahalanobis",1,1.329,3.95999999999996
"mahalanobis",2,1.314,4.89999999999994
"mahalanobis",3,1.311,5.91999999999992
"mahalanobis",5,1.296,6.9099999999999
"propensity",1,1.346,3.04999999999998
"propensity",2,1.291,3.44999999999997
"propensity",3,1.288,4.08999999999996
"propensity",5,1.284,4.99999999999994
"prognostic",1,1.244,4.33999999999995
"prognostic",2,1.341,5.93999999999992
"prognostic",3,1.424,7.77999999999988
"prognostic",5,1.452,9.48999999999984
"mahalanobis",1,1.442,6.12999999999991
"mahalanobis",2,1.519,7.58999999999988
"mahalanobis",3,1.479,8.74999999999986
"mahalanobis",5,1.46,10.1999999999998
