"method","k","estimate","gamma"
"propensity",1,0.83,1.98
"propensity",2,0.862,2.46999999999999
"propensity",3,0.859,2.85999999999998
"propensity",4,0.824,2.78999999999998
"propensity",5,0.787,2.62999999999999
"propensity",6,0.797,2.64999999999999
"propensity",7,0.822,2.74999999999998
"propensity",8,0.826,2.77999999999998
"propensity",9,0.84,2.91999999999998
"propensity",10,0.842,2.95999999999998
"prognostic",1,0.82,2.49999999999999
"prognostic",2,0.913,3.35999999999997
"prognostic",3,0.898,3.98999999999996
"prognostic",4,0.837,3.82999999999996
"prognostic",5,0.798,3.77999999999996
"prognostic",6,0.877,4.69999999999994
"prognostic",7,0.861,4.83999999999994
"prognostic",8,0.845,4.43999999999995
"prognostic",9,0.862,4.86999999999994
"prognostic",10,0.866,4.71999999999994
"mahalanobis",1,0.837,2.57999999999999
"mahalanobis",2,0.813,2.92999999999998
"mahalanobis",3,0.819,3.22999999999997
"mahalanobis",4,0.853,3.67999999999997
"mahalanobis",5,0.832,3.72999999999996
"mahalanobis",6,0.813,3.59999999999997
"mahalanobis",7,0.837,3.82999999999996
"mahalanobis",8,0.866,4.08999999999996
"mahalanobis",9,0.875,4.29999999999995
"mahalanobis",10,0.88,4.24999999999995
"propensity",1,1.131,2.40999999999999
"propensity",2,0.988,2.53999999999999
"propensity",3,0.92,2.50999999999999
"propensity",4,0.983,2.88999999999998
"propensity",5,0.937,2.76999999999998
"propensity",6,0.912,2.75999999999998
"propensity",7,0.905,2.74999999999998
"propensity",8,0.917,2.86999999999998
"propensity",9,0.9,2.85999999999998
"propensity",10,0.905,2.90999999999998
"prognostic",1,0.817,2.35999999999999
"prognostic",2,0.897,3.39999999999997
"prognostic",3,0.787,2.94999999999998
"prognostic",4,0.844,3.37999999999997
"prognostic",5,0.846,4.24999999999995
"prognostic",6,0.821,3.80999999999996
"prognostic",7,0.874,5.32999999999993
"prognostic",8,0.853,4.44999999999995
"prognostic",9,0.859,4.45999999999995
"prognostic",10,0.912,5.16999999999993
"mahalanobis",1,0.973,2.85999999999998
"mahalanobis",2,0.896,3.12999999999998
"mahalanobis",3,0.925,3.50999999999997
"mahalanobis",4,0.895,3.64999999999997
"mahalanobis",5,0.898,3.68999999999996
"mahalanobis",6,0.909,3.99999999999996
"mahalanobis",7,0.907,3.88999999999996
"mahalanobis",8,0.886,3.86999999999996
"mahalanobis",9,0.87,3.73999999999996
"mahalanobis",10,0.901,4.01999999999996
"propensity",1,1.23,3.78999999999996
"propensity",2,1.049,3.13999999999998
"propensity",3,1.052,3.44999999999997
"propensity",4,1.112,3.87999999999996
"propensity",5,1.118,3.99999999999996
"propensity",6,1.139,4.36999999999995
"propensity",7,1.119,4.29999999999995
"propensity",8,1.078,4.22999999999995
"propensity",9,1.072,4.09999999999996
"propensity",10,1.057,4.03999999999996
"prognostic",1,0.999,3.00999999999998
"prognostic",2,1.011,4.15999999999995
"prognostic",3,1.097,4.69999999999994
"prognostic",4,1.013,4.93999999999994
"prognostic",5,1.024,5.23999999999993
"prognostic",6,1.062,6.00999999999992
"prognostic",7,1.081,6.25999999999991
"prognostic",8,1.046,6.43999999999991
"prognostic",9,1.068,6.02999999999991
"prognostic",10,1.037,6.9199999999999
"mahalanobis",1,1.13,4.20999999999995
"mahalanobis",2,1.134,5.19999999999993
"mahalanobis",3,1.126,5.71999999999992
"mahalanobis",4,1.129,6.43999999999991
"mahalanobis",5,1.143,6.6699999999999
"mahalanobis",6,1.126,6.5099999999999
"mahalanobis",7,1.095,6.06999999999991
"mahalanobis",8,1.1,6.18999999999991
"mahalanobis",9,1.101,6.39999999999991
"mahalanobis",10,1.093,6.20999999999991
"propensity",1,1.038,3.14999999999998
"propensity",2,1.028,3.16999999999998
"propensity",3,1.046,3.41999999999997
"propensity",4,1.077,3.85999999999996
"propensity",5,1.063,4.01999999999996
"propensity",6,0.995,3.65999999999997
"propensity",7,1.013,3.75999999999996
"propensity",8,1.021,3.84999999999996
"propensity",9,1.05,4.06999999999996
"propensity",10,1.065,3.99999999999996
"prognostic",1,1.031,3.15999999999998
"prognostic",2,1.107,4.18999999999995
"prognostic",3,1.033,4.26999999999995
"prognostic",4,1.046,3.90999999999996
"prognostic",5,1.009,4.74999999999994
"prognostic",6,1.034,5.37999999999993
"prognostic",7,0.994,5.36999999999993
"prognostic",8,1.032,5.51999999999993
"prognostic",9,1.033,6.5999999999999
"prognostic",10,1.018,6.05999999999991
"mahalanobis",1,1.083,3.02999999999998
"mahalanobis",2,1.171,4.33999999999995
"mahalanobis",3,1.111,4.60999999999995
"mahalanobis",4,1.134,5.30999999999993
"mahalanobis",5,1.131,5.78999999999992
"mahalanobis",6,1.124,6.13999999999991
"mahalanobis",7,1.134,6.40999999999991
"mahalanobis",8,1.118,6.6499999999999
"mahalanobis",9,1.111,6.6099999999999
"mahalanobis",10,1.118,6.8599999999999
"propensity",1,0.791,1.46
"propensity",2,1.091,2.47999999999999
"propensity",3,1.13,2.75999999999998
"propensity",4,1.105,2.82999999999998
"propensity",5,1.072,2.99999999999998
"propensity",6,1.037,2.85999999999998
"propensity",7,1.084,3.14999999999998
"propensity",8,1.094,3.27999999999997
"propensity",9,1.067,3.16999999999998
"propensity",10,1.053,3.14999999999998
"prognostic",1,0.925,2.47999999999999
"prognostic",2,0.943,2.93999999999998
"prognostic",3,1.009,4.42999999999995
"prognostic",4,0.972,4.06999999999996
"prognostic",5,0.98,4.40999999999995
"prognostic",6,0.945,4.55999999999995
"prognostic",7,1.039,4.98999999999994
"prognostic",8,0.988,4.67999999999994
"prognostic",9,1.014,4.98999999999994
"prognostic",10,0.939,4.54999999999995
"mahalanobis",1,0.751,1.8
"mahalanobis",2,0.895,2.55999999999999
"mahalanobis",3,0.879,2.84999999999998
"mahalanobis",4,0.946,3.39999999999997
"mahalanobis",5,0.997,4.03999999999996
"mahalanobis",6,0.998,4.21999999999995
"mahalanobis",7,0.999,4.35999999999995
"mahalanobis",8,0.995,4.45999999999995
"mahalanobis",9,1.006,4.58999999999995
"mahalanobis",10,0.982,4.32999999999995
"propensity",1,1.12,3.28999999999997
"propensity",2,1.11,3.65999999999997
"propensity",3,1.088,3.79999999999996
"propensity",4,1.106,4.22999999999995
"propensity",5,1.101,4.70999999999994
"propensity",6,1.052,4.46999999999995
"propensity",7,1.024,4.23999999999995
"propensity",8,1.028,4.26999999999995
"propensity",9,1.025,4.25999999999995
"propensity",10,1.034,4.49999999999995
"prognostic",1,0.971,3.43999999999997
"prognostic",2,0.983,4.35999999999995
"prognostic",3,0.983,4.56999999999995
"prognostic",4,1.041,5.81999999999992
"prognostic",5,0.98,5.15999999999993
"prognostic",6,0.985,6.22999999999991
"prognostic",7,1.059,6.7799999999999
"prognostic",8,1.019,6.5999999999999
"prognostic",9,1.057,6.46999999999991
"prognostic",10,1.047,7.32999999999989
"mahalanobis",1,1.173,3.97999999999996
"mahalanobis",2,1.122,4.45999999999995
"mahalanobis",3,1.032,4.12999999999996
"mahalanobis",4,1.037,4.74999999999994
"mahalanobis",5,1.083,5.37999999999993
"mahalanobis",6,1.096,5.48999999999993
"mahalanobis",7,1.103,5.83999999999992
"mahalanobis",8,1.109,6.05999999999991
"mahalanobis",9,1.111,6.06999999999991
"mahalanobis",10,1.109,6.23999999999991
"propensity",1,0.946,1.77
"propensity",2,1.036,2.53999999999999
"propensity",3,1.089,3.05999999999998
"propensity",4,1.101,3.43999999999997
"propensity",5,1.075,3.37999999999997
"propensity",6,1.082,3.65999999999997
"propensity",7,1.033,3.47999999999997
"propensity",8,1.018,3.47999999999997
"propensity",9,1.005,3.41999999999997
"propensity",10,0.989,3.38999999999997
"prognostic",1,0.864,2.56999999999999
"prognostic",2,0.958,3.44999999999997
"prognostic",3,0.912,3.86999999999996
"prognostic",4,1.033,5.55999999999993
"prognostic",5,1.025,5.51999999999993
"prognostic",6,0.977,5.36999999999993
"prognostic",7,0.986,5.35999999999993
"prognostic",8,1.035,6.45999999999991
"prognostic",9,1.027,6.6299999999999
"prognostic",10,1.024,7.25999999999989
"mahalanobis",1,1.126,3.03999999999998
"mahalanobis",2,1.047,3.82999999999996
"mahalanobis",3,1.024,4.21999999999995
"mahalanobis",4,1.03,4.66999999999994
"mahalanobis",5,1.009,4.61999999999995
"mahalanobis",6,1.067,5.17999999999993
"mahalanobis",7,1.047,5.12999999999993
"mahalanobis",8,1.042,5.31999999999993
"mahalanobis",9,1.038,5.32999999999993
"mahalanobis",10,1.04,5.43999999999993
"propensity",1,0.805,1.74
"propensity",2,0.902,2.22
"propensity",3,0.89,2.51999999999999
"propensity",4,0.924,2.86999999999998
"propensity",5,0.941,3.14999999999998
"propensity",6,0.925,3.13999999999998
"propensity",7,0.961,3.37999999999997
"propensity",8,0.976,3.54999999999997
"propensity",9,0.981,3.66999999999997
"propensity",10,1.009,3.81999999999996
"prognostic",1,1.058,4.43999999999995
"prognostic",2,0.915,3.73999999999996
"prognostic",3,1.057,5.27999999999993
"prognostic",4,1.007,4.90999999999994
"prognostic",5,0.993,5.19999999999993
"prognostic",6,1.015,5.81999999999992
"prognostic",7,1.009,5.51999999999993
"prognostic",8,1.002,6.12999999999991
"prognostic",9,0.962,5.45999999999993
"prognostic",10,0.974,5.57999999999992
"mahalanobis",1,0.924,2.87999999999998
"mahalanobis",2,0.912,3.66999999999997
"mahalanobis",3,0.919,3.79999999999996
"mahalanobis",4,0.923,4.09999999999996
"mahalanobis",5,0.978,4.74999999999994
"mahalanobis",6,1.034,5.10999999999993
"mahalanobis",7,1.038,5.42999999999993
"mahalanobis",8,1.019,5.41999999999993
"mahalanobis",9,1.04,5.65999999999992
"mahalanobis",10,1.025,5.36999999999993
"propensity",1,1.108,2.41999999999999
"propensity",2,1.096,3.14999999999998
"propensity",3,1.185,3.83999999999996
"propensity",4,1.142,3.74999999999996
"propensity",5,1.156,4.11999999999996
"propensity",6,1.139,4.02999999999996
"propensity",7,1.171,4.50999999999995
"propensity",8,1.184,4.65999999999994
"propensity",9,1.178,4.77999999999994
"propensity",10,1.172,4.77999999999994
"prognostic",1,1.329,5.15999999999993
"prognostic",2,1.2,6.41999999999991
"prognostic",3,1.065,5.11999999999993
"prognostic",4,1.211,7.44999999999988
"prognostic",5,1.164,6.5199999999999
"prognostic",6,1.137,6.30999999999991
"prognostic",7,1.129,7.03999999999989
"prognostic",8,1.173,6.7199999999999
"prognostic",9,1.196,7.85999999999988
"prognostic",10,1.176,8.20999999999987
"mahalanobis",1,1.32,4.66999999999994
"mahalanobis",2,1.156,4.39999999999995
"mahalanobis",3,1.158,4.62999999999994
"mahalanobis",4,1.15,5.20999999999993
"mahalanobis",5,1.164,5.54999999999993
"mahalanobis",6,1.19,6.04999999999991
"mahalanobis",7,1.201,6.26999999999991
"mahalanobis",8,1.22,6.41999999999991
"mahalanobis",9,1.212,6.5899999999999
"mahalanobis",10,1.211,6.6599999999999
"propensity",1,0.896,1.92
"propensity",2,0.853,2.21
"propensity",3,0.759,1.98
"propensity",4,0.773,2.03
"propensity",5,0.773,2.2
"propensity",6,0.774,2.23
"propensity",7,0.769,2.23
"propensity",8,0.806,2.41999999999999
"propensity",9,0.831,2.48999999999999
"propensity",10,0.86,2.64999999999999
"prognostic",1,0.768,2.2
"prognostic",2,0.893,3.73999999999996
"prognostic",3,0.948,3.50999999999997
"prognostic",4,0.932,4.25999999999995
"prognostic",5,0.946,3.78999999999996
"prognostic",6,0.918,4.50999999999995
"prognostic",7,0.928,4.68999999999994
"prognostic",8,0.958,4.52999999999995
"prognostic",9,0.887,4.11999999999996
"prognostic",10,0.901,4.37999999999995
"mahalanobis",1,1.074,2.90999999999998
"mahalanobis",2,1.102,3.90999999999996
"mahalanobis",3,1.097,4.12999999999996
"mahalanobis",4,1.024,3.99999999999996
"mahalanobis",5,1.029,4.43999999999995
"mahalanobis",6,1.019,4.76999999999994
"mahalanobis",7,1.009,4.86999999999994
"mahalanobis",8,1.024,5.04999999999994
"mahalanobis",9,1.01,4.91999999999994
"mahalanobis",10,1,4.91999999999994
