"method","k","estimate","gamma"
"propensity",1,1.026,2.78999999999998
"propensity",4,1.07,4.68999999999994
"propensity",8,1.08,5.60999999999992
"prognostic",1,1.116,3.73999999999996
"prognostic",4,1.014,5.66999999999992
"prognostic",8,1.096,7.54999999999988
"mahalanobis",1,1.127,3.66999999999997
"mahalanobis",4,1.177,6.9099999999999
"mahalanobis",8,1.231,8.27999999999987
"propensity",1,0.854,2.11
"propensity",4,0.989,3.70999999999996
"propensity",8,1.015,4.18999999999995
"prognostic",1,0.967,3.38999999999997
"prognostic",4,0.996,5.67999999999992
"prognostic",8,1.023,6.5799999999999
"mahalanobis",1,1.227,6.6099999999999
"mahalanobis",4,1.146,6.03999999999991
"mahalanobis",8,1.183,7.30999999999989
"propensity",1,1.312,3.16999999999998
"propensity",4,1.172,4.19999999999995
"propensity",8,1.112,4.38999999999995
"prognostic",1,1.157,4.30999999999995
"prognostic",4,1.091,5.69999999999992
"prognostic",8,1.038,7.11999999999989
"mahalanobis",1,1.052,3.89999999999996
"mahalanobis",4,1.113,6.7899999999999
"mahalanobis",8,1.099,6.9599999999999
"propensity",1,1.054,2.39999999999999
"propensity",4,0.975,3.49999999999997
"propensity",8,0.945,3.58999999999997
"prognostic",1,0.868,2.54999999999999
"prognostic",4,0.898,4.80999999999994
"prognostic",8,0.919,4.67999999999994
"mahalanobis",1,0.911,2.37999999999999
"mahalanobis",4,1.046,4.75999999999994
"mahalanobis",8,1.068,5.45999999999993
"propensity",1,1.439,3.89999999999996
"propensity",4,1.313,5.60999999999992
"propensity",8,1.237,5.78999999999992
"prognostic",1,1.234,4.35999999999995
"prognostic",4,1.176,6.29999999999991
"prognostic",8,1.183,7.22999999999989
"mahalanobis",1,1.268,4.24999999999995
"mahalanobis",4,1.225,6.40999999999991
"mahalanobis",8,1.279,7.81999999999988
"propensity",1,1.001,2.35999999999999
"propensity",4,1.042,3.29999999999997
"propensity",8,1.022,3.59999999999997
"prognostic",1,1.051,2.90999999999998
"prognostic",4,0.893,3.58999999999997
"prognostic",8,0.965,5.32999999999993
"mahalanobis",1,1.083,3.57999999999997
"mahalanobis",4,1.095,5.52999999999993
"mahalanobis",8,1.101,6.11999999999991
"propensity",1,0.8,2.01
"propensity",4,0.941,3.24999999999997
"propensity",8,0.943,3.34999999999997
"prognostic",1,0.824,2.31999999999999
"prognostic",4,0.874,4.15999999999995
"prognostic",8,0.951,5.52999999999993
"mahalanobis",1,1.005,2.85999999999998
"mahalanobis",4,0.993,4.56999999999995
"mahalanobis",8,1.032,5.55999999999993
"propensity",1,1.241,3.64999999999997
"propensity",4,1.056,3.62999999999997
"propensity",8,0.988,3.70999999999996
"prognostic",1,0.978,2.93999999999998
"prognostic",4,1.05,5.81999999999992
"prognostic",8,1.004,5.42999999999993
"mahalanobis",1,1.229,4.73999999999994
"mahalanobis",4,1.144,5.55999999999993
"mahalanobis",8,1.122,6.26999999999991
"propensity",1,1.057,2.74999999999998
"propensity",4,0.984,3.67999999999997
"propensity",8,1.013,4.40999999999995
"prognostic",1,1.073,2.99999999999998
"prognostic",4,1.045,5.23999999999993
"prognostic",8,1.042,6.33999999999991
"mahalanobis",1,1.052,3.41999999999997
"mahalanobis",4,1.165,6.11999999999991
"mahalanobis",8,1.129,6.38999999999991
"propensity",1,1.126,2.27
"propensity",4,1.101,3.76999999999996
"propensity",8,1.137,4.21999999999995
"prognostic",1,1.258,5.26999999999993
"prognostic",4,1.029,5.02999999999994
"prognostic",8,1.101,6.96999999999989
"mahalanobis",1,1.036,3.92999999999996
"mahalanobis",4,1.158,6.10999999999991
"mahalanobis",8,1.135,6.5799999999999
