"method","k","estimate","gamma"
"propensity",1,1.198,2.73999999999999
"propensity",4,1.047,3.26999999999997
"propensity",8,1.066,3.93999999999996
"prognostic",1,1.061,3.11999999999998
"prognostic",4,1.096,5.42999999999993
"prognostic",8,1.086,6.96999999999989
"mahalanobis",1,1.195,4.26999999999995
"mahalanobis",4,1.106,5.80999999999992
"mahalanobis",8,1.069,6.03999999999991
"propensity",1,1.048,2.39999999999999
"propensity",4,1.125,3.66999999999997
"propensity",8,1.196,4.72999999999994
"prognostic",1,1.266,4.92999999999994
"prognostic",4,1.13,6.7099999999999
"prognostic",8,1.145,8.54999999999986
"mahalanobis",1,1.275,4.65999999999994
"mahalanobis",4,1.178,6.9199999999999
"mahalanobis",8,1.141,6.34999999999991
"propensity",1,1.055,2.36999999999999
"propensity",4,1.017,3.24999999999997
"propensity",8,0.997,3.52999999999997
"prognostic",1,0.815,2.47999999999999
"prognostic",4,0.906,4.47999999999995
"prognostic",8,0.955,5.73999999999992
"mahalanobis",1,0.881,2.75999999999998
"mahalanobis",4,0.915,4.07999999999996
"mahalanobis",8,0.957,4.44999999999995
"propensity",1,1.184,3.27999999999997
"propensity",4,0.963,3.79999999999996
"propensity",8,0.907,3.64999999999997
"prognostic",1,0.897,2.46999999999999
"prognostic",4,0.888,4.36999999999995
"prognostic",8,0.915,5.59999999999992
"mahalanobis",1,0.91,2.61999999999999
"mahalanobis",4,0.979,4.48999999999995
"mahalanobis",8,1,5.29999999999993
"propensity",1,1.269,3.39999999999997
"propensity",4,1.146,4.39999999999995
"propensity",8,1.101,4.19999999999995
"prognostic",1,1.302,5.42999999999993
"prognostic",4,1.082,7.04999999999989
"prognostic",8,1.086,8.82999999999986
"mahalanobis",1,1.163,5.28999999999993
"mahalanobis",4,1.017,5.45999999999993
"mahalanobis",8,1.112,6.8399999999999
"propensity",1,0.945,2.07
"propensity",4,1.001,3.04999999999998
"propensity",8,0.996,3.52999999999997
"prognostic",1,1.175,3.39999999999997
"prognostic",4,1.048,5.52999999999993
"prognostic",8,0.992,5.66999999999992
"mahalanobis",1,1.069,2.83999999999998
"mahalanobis",4,1.015,4.64999999999994
"mahalanobis",8,1.039,5.50999999999993
"propensity",1,0.611,1.5
"propensity",4,0.871,2.78999999999998
"propensity",8,0.921,3.16999999999998
"prognostic",1,0.771,2.72999999999999
"prognostic",4,1.06,4.90999999999994
"prognostic",8,0.941,5.69999999999992
"mahalanobis",1,0.978,3.52999999999997
"mahalanobis",4,0.939,4.55999999999995
"mahalanobis",8,0.966,5.10999999999993
"propensity",1,1.221,2.77999999999998
"propensity",4,1.101,3.54999999999997
"propensity",8,1.102,4.07999999999996
"prognostic",1,1.199,5.43999999999993
"prognostic",4,0.985,4.17999999999995
"prognostic",8,1.103,6.06999999999991
"mahalanobis",1,1.05,3.59999999999997
"mahalanobis",4,1.142,5.48999999999993
"mahalanobis",8,1.153,6.28999999999991
"propensity",1,1.159,3.29999999999997
"propensity",4,1.094,3.63999999999997
"propensity",8,1.091,3.90999999999996
"prognostic",1,0.976,3.59999999999997
"prognostic",4,1.136,5.70999999999992
"prognostic",8,1.087,7.63999999999988
"mahalanobis",1,1.055,3.61999999999997
"mahalanobis",4,1.088,5.15999999999993
"mahalanobis",8,1.065,5.24999999999993
"propensity",1,1.146,2.84999999999998
"propensity",4,1.128,4.47999999999995
"propensity",8,1.115,5.10999999999993
"prognostic",1,0.922,3.26999999999997
"prognostic",4,1.031,5.14999999999993
"prognostic",8,1.09,7.27999999999989
"mahalanobis",1,1.14,3.71999999999996
"mahalanobis",4,1.123,5.88999999999992
"mahalanobis",8,1.185,7.26999999999989
