"method","k","estimate","gamma"
"propensity",1,1.163,3.37999999999997
"propensity",4,1.04,3.92999999999996
"propensity",8,0.999,4.41999999999995
"prognostic",1,0.918,2.57999999999999
"prognostic",4,0.987,5.10999999999993
"prognostic",8,0.984,5.33999999999993
"mahalanobis",1,0.96,3.35999999999997
"mahalanobis",4,1.018,4.64999999999994
"mahalanobis",8,1.055,5.26999999999993
"propensity",1,1.096,2.89999999999998
"propensity",4,1.03,3.88999999999996
"propensity",8,1.001,4.15999999999995
"prognostic",1,0.921,3.46999999999997
"prognostic",4,0.98,4.34999999999995
"prognostic",8,1.019,6.7199999999999
"mahalanobis",1,1.063,3.90999999999996
"mahalanobis",4,0.999,4.65999999999994
"mahalanobis",8,1.075,6.00999999999992
"propensity",1,0.917,2.25
"propensity",4,0.879,2.73999999999999
"propensity",8,0.869,3.00999999999998
"prognostic",1,0.961,3.21999999999997
"prognostic",4,0.831,3.46999999999997
"prognostic",8,0.879,4.08999999999996
"mahalanobis",1,1.017,2.85999999999998
"mahalanobis",4,0.886,3.39999999999997
"mahalanobis",8,1.004,4.59999999999995
"propensity",1,0.856,1.9
"propensity",4,0.922,2.99999999999998
"propensity",8,0.93,3.34999999999997
"prognostic",1,1.118,4.47999999999995
"prognostic",4,0.979,4.51999999999995
"prognostic",8,1.059,6.17999999999991
"mahalanobis",1,0.926,2.75999999999998
"mahalanobis",4,1.084,5.01999999999994
"mahalanobis",8,1.085,5.91999999999992
"propensity",1,1.176,2.53999999999999
"propensity",4,1.039,3.52999999999997
"propensity",8,1.11,4.86999999999994
"prognostic",1,1.067,3.20999999999998
"prognostic",4,1.099,5.96999999999992
"prognostic",8,1.107,6.24999999999991
"mahalanobis",1,1.115,3.39999999999997
"mahalanobis",4,1.11,5.33999999999993
"mahalanobis",8,1.211,7.62999999999988
"propensity",1,1.221,4.78999999999994
"propensity",4,1.096,5.10999999999993
"propensity",8,1.063,6.09999999999991
"prognostic",1,0.97,3.87999999999996
"prognostic",4,0.975,5.37999999999993
"prognostic",8,1.059,7.02999999999989
"mahalanobis",1,1.312,5.78999999999992
"mahalanobis",4,1.234,7.64999999999988
"mahalanobis",8,1.218,7.81999999999988
"propensity",1,0.925,2.57999999999999
"propensity",4,0.841,2.61999999999999
"propensity",8,0.903,3.30999999999997
"prognostic",1,0.83,2.59999999999999
"prognostic",4,0.807,3.19999999999998
"prognostic",8,0.939,5.18999999999993
"mahalanobis",1,0.906,2.64999999999999
"mahalanobis",4,0.981,4.16999999999995
"mahalanobis",8,1.032,4.80999999999994
"propensity",1,1.384,3.25999999999997
"propensity",4,1.166,4.78999999999994
"propensity",8,1.235,6.20999999999991
"prognostic",1,1.061,3.24999999999997
"prognostic",4,1.158,5.86999999999992
"prognostic",8,1.246,8.05999999999987
"mahalanobis",1,1.271,3.88999999999996
"mahalanobis",4,1.211,6.03999999999991
"mahalanobis",8,1.267,7.44999999999988
"propensity",1,1.09,3.40999999999997
"propensity",4,1.16,5.54999999999993
"propensity",8,1.183,7.25999999999989
"prognostic",1,1.337,5.75999999999992
"prognostic",4,1.064,6.09999999999991
"prognostic",8,1.176,9.33999999999985
"mahalanobis",1,1.266,6.7999999999999
"mahalanobis",4,1.31,8.04999999999987
"mahalanobis",8,1.337,10.7499999999998
"propensity",1,0.951,2.38999999999999
"propensity",4,0.971,4.12999999999996
"propensity",8,1.04,5.38999999999993
"prognostic",1,1.009,3.41999999999997
"prognostic",4,0.992,5.24999999999993
"prognostic",8,1.083,7.02999999999989
"mahalanobis",1,1.239,4.14999999999996
"mahalanobis",4,1.21,6.31999999999991
"mahalanobis",8,1.265,7.89999999999988
