"method","k","estimate","gamma"
"propensity",1,0.969,2.39999999999999
"propensity",4,1.074,3.84999999999996
"propensity",8,0.949,3.56999999999997
"prognostic",1,0.937,2.99999999999998
"prognostic",4,1.014,5.46999999999993
"prognostic",8,1.032,6.14999999999991
"mahalanobis",1,0.934,2.72999999999999
"mahalanobis",4,1.094,6.00999999999992
"mahalanobis",8,1.154,7.81999999999988
"propensity",1,1.003,1.89
"propensity",4,0.982,2.94999999999998
"propensity",8,0.926,3.02999999999998
"prognostic",1,0.787,2.23
"prognostic",4,0.938,4.18999999999995
"prognostic",8,0.959,4.70999999999994
"mahalanobis",1,1.02,3.38999999999997
"mahalanobis",4,1.017,4.61999999999995
"mahalanobis",8,1.007,4.71999999999994
"propensity",1,1.075,2.76999999999998
"propensity",4,1.089,3.65999999999997
"propensity",8,1.106,4.15999999999995
"prognostic",1,1.211,4.46999999999995
"prognostic",4,1.066,5.70999999999992
"prognostic",8,1.075,6.96999999999989
"mahalanobis",1,1.004,3.08999999999998
"mahalanobis",4,1.061,4.30999999999995
"mahalanobis",8,1.132,6.23999999999991
"propensity",1,0.834,2.18
"propensity",4,0.925,2.88999999999998
"propensity",8,0.883,2.88999999999998
"prognostic",1,0.993,3.29999999999997
"prognostic",4,0.91,4.46999999999995
"prognostic",8,0.973,5.71999999999992
"mahalanobis",1,1.01,2.90999999999998
"mahalanobis",4,1.022,4.43999999999995
"mahalanobis",8,1.023,5.08999999999994
"propensity",1,1.168,2.47999999999999
"propensity",4,1.089,3.96999999999996
"propensity",8,1.123,4.58999999999995
"prognostic",1,1.14,3.97999999999996
"prognostic",4,1.062,5.43999999999993
"prognostic",8,1.092,7.87999999999988
"mahalanobis",1,1.275,4.07999999999996
"mahalanobis",4,1.219,6.20999999999991
"mahalanobis",8,1.217,7.64999999999988
"propensity",1,1.063,2.52999999999999
"propensity",4,1.049,3.64999999999997
"propensity",8,1.059,4.40999999999995
"prognostic",1,1.03,4.25999999999995
"prognostic",4,1.152,6.96999999999989
"prognostic",8,1.059,6.8099999999999
"mahalanobis",1,1.076,3.13999999999998
"mahalanobis",4,1.209,6.47999999999991
"mahalanobis",8,1.226,7.45999999999988
"propensity",1,1.125,2.32999999999999
"propensity",4,0.919,2.54999999999999
"propensity",8,1.026,3.18999999999998
"prognostic",1,1.272,4.94999999999994
"prognostic",4,1.099,4.87999999999994
"prognostic",8,0.997,5.52999999999993
"mahalanobis",1,1.002,2.83999999999998
"mahalanobis",4,1.098,5.52999999999993
"mahalanobis",8,1.082,5.57999999999992
"propensity",1,0.681,1.5
"propensity",4,0.782,2.25
"propensity",8,0.792,2.44999999999999
"prognostic",1,0.738,2.16
"prognostic",4,0.817,3.95999999999996
"prognostic",8,0.779,3.83999999999996
"mahalanobis",1,0.826,2.29999999999999
"mahalanobis",4,0.893,3.71999999999996
"mahalanobis",8,0.902,3.92999999999996
"propensity",1,0.967,2.38999999999999
"propensity",4,1.087,4.00999999999996
"propensity",8,1.086,4.66999999999994
"prognostic",1,1.156,4.21999999999995
"prognostic",4,1.049,5.66999999999992
"prognostic",8,1.092,8.12999999999987
"mahalanobis",1,1.049,3.52999999999997
"mahalanobis",4,1.197,6.7499999999999
"mahalanobis",8,1.174,7.47999999999988
"propensity",1,1.022,2.03
"propensity",4,0.975,2.84999999999998
"propensity",8,0.937,2.96999999999998
"prognostic",1,1.048,2.71999999999999
"prognostic",4,0.99,4.33999999999995
"prognostic",8,1.016,5.65999999999992
"mahalanobis",1,0.798,2.1
"mahalanobis",4,0.959,3.77999999999996
"mahalanobis",8,1.032,4.73999999999994
