"method","k","estimate","gamma"
"propensity",1,1.217,3.12999999999998
"propensity",4,1.11,4.01999999999996
"propensity",8,1.025,3.93999999999996
"prognostic",1,0.952,2.86999999999998
"prognostic",4,1.008,5.06999999999994
"prognostic",8,1.085,6.7399999999999
"mahalanobis",1,1.207,3.89999999999996
"mahalanobis",4,1.122,5.37999999999993
"mahalanobis",8,1.195,7.29999999999989
"propensity",1,0.867,1.97
"propensity",4,1.059,3.72999999999996
"propensity",8,1.023,3.88999999999996
"prognostic",1,0.872,2.82999999999998
"prognostic",4,1.073,5.87999999999992
"prognostic",8,0.969,4.86999999999994
"mahalanobis",1,1.178,4.54999999999995
"mahalanobis",4,1.066,4.84999999999994
"mahalanobis",8,1.156,6.5799999999999
"propensity",1,0.979,2.34999999999999
"propensity",4,1.056,4.06999999999996
"propensity",8,1.097,5.56999999999992
"prognostic",1,1.12,4.50999999999995
"prognostic",4,1.165,7.34999999999989
"prognostic",8,1.125,8.35999999999987
"mahalanobis",1,1.131,3.28999999999997
"mahalanobis",4,1.172,5.90999999999992
"mahalanobis",8,1.213,7.38999999999989
"propensity",1,0.88,1.86
"propensity",4,0.942,2.83999999999998
"propensity",8,0.979,3.50999999999997
"prognostic",1,0.838,2.45999999999999
"prognostic",4,0.954,4.20999999999995
"prognostic",8,1.005,6.35999999999991
"mahalanobis",1,1.032,3.10999999999998
"mahalanobis",4,1.075,4.97999999999994
"mahalanobis",8,1.115,6.30999999999991
"propensity",1,0.98,2.40999999999999
"propensity",4,0.997,4.10999999999996
"propensity",8,1.034,4.72999999999994
"prognostic",1,1.085,4.00999999999996
"prognostic",4,1.052,5.00999999999994
"prognostic",8,1.046,6.9399999999999
"mahalanobis",1,1.366,5.60999999999992
"mahalanobis",4,1.254,7.67999999999988
"mahalanobis",8,1.242,8.26999999999987
"propensity",1,0.737,1.7
"propensity",4,0.77,2.66999999999999
"propensity",8,0.897,3.89999999999996
"prognostic",1,0.789,2.17
"prognostic",4,0.877,3.39999999999997
"prognostic",8,0.967,5.16999999999993
"mahalanobis",1,0.936,2.95999999999998
"mahalanobis",4,1.001,4.40999999999995
"mahalanobis",8,1.067,5.71999999999992
"propensity",1,0.809,1.53
"propensity",4,1.038,2.90999999999998
"propensity",8,1.059,3.49999999999997
"prognostic",1,1.227,4.34999999999995
"prognostic",4,1.144,6.8599999999999
"prognostic",8,1.011,6.33999999999991
"mahalanobis",1,1.208,3.45999999999997
"mahalanobis",4,1.132,5.09999999999993
"mahalanobis",8,1.104,5.98999999999992
"propensity",1,1.109,3.81999999999996
"propensity",4,1.051,4.31999999999995
"propensity",8,1.141,5.57999999999992
"prognostic",1,1.051,3.09999999999998
"prognostic",4,1.146,5.38999999999993
"prognostic",8,1.152,7.24999999999989
"mahalanobis",1,1.07,3.56999999999997
"mahalanobis",4,1.17,5.66999999999992
"mahalanobis",8,1.22,7.37999999999989
"propensity",1,1.014,2.73999999999999
"propensity",4,0.989,3.89999999999996
"propensity",8,0.974,4.15999999999995
"prognostic",1,0.861,2.64999999999999
"prognostic",4,0.999,5.09999999999993
"prognostic",8,1.009,5.93999999999992
"mahalanobis",1,1.26,4.02999999999996
"mahalanobis",4,1.132,5.23999999999993
"mahalanobis",8,1.144,6.6199999999999
"propensity",1,1.34,3.07999999999998
"propensity",4,1.277,4.85999999999994
"propensity",8,1.3,5.83999999999992
"prognostic",1,1.345,4.60999999999995
"prognostic",4,1.199,6.46999999999991
"prognostic",8,1.253,9.71999999999984
"mahalanobis",1,1.172,3.48999999999997
"mahalanobis",4,1.27,6.31999999999991
"mahalanobis",8,1.277,7.65999999999988
