"method","k","estimate","gamma"
"propensity",1,1.146,2.95999999999998
"propensity",2,1.082,3.22999999999997
"propensity",3,1.09,3.41999999999997
"propensity",5,1.069,3.67999999999997
"prognostic",1,0.899,3.28999999999997
"prognostic",2,0.99,4.50999999999995
"prognostic",3,0.991,4.94999999999994
"prognostic",5,1.027,6.22999999999991
"mahalanobis",1,0.907,2.92999999999998
"mahalanobis",2,0.898,3.41999999999997
"mahalanobis",3,0.971,4.30999999999995
"mahalanobis",5,0.973,5.03999999999994
"propensity",1,0.968,2.44999999999999
"propensity",2,0.999,3.09999999999998
"propensity",3,0.995,3.32999999999997
"propensity",5,1.029,3.97999999999996
"prognostic",1,0.798,2.58999999999999
"prognostic",2,1.039,4.00999999999996
"prognostic",3,0.93,4.18999999999995
"prognostic",5,1.018,5.81999999999992
"mahalanobis",1,1.124,3.13999999999998
"mahalanobis",2,1.152,4.15999999999995
"mahalanobis",3,1.153,5.03999999999994
"mahalanobis",5,1.18,6.13999999999991
"propensity",1,0.956,2.55999999999999
"propensity",2,0.929,2.73999999999999
"propensity",3,0.962,3.14999999999998
"propensity",5,0.967,3.63999999999997
"prognostic",1,1.005,3.60999999999997
"prognostic",2,0.926,4.05999999999996
"prognostic",3,0.952,4.53999999999995
"prognostic",5,0.954,5.07999999999994
"mahalanobis",1,0.877,3.00999999999998
"mahalanobis",2,0.978,4.14999999999996
"mahalanobis",3,0.984,4.62999999999994
"mahalanobis",5,0.997,5.02999999999994
"propensity",1,0.744,1.88
"propensity",2,0.814,2.39999999999999
"propensity",3,0.834,2.63999999999999
"propensity",5,0.858,3.10999999999998
"prognostic",1,0.922,3.47999999999997
"prognostic",2,0.899,3.39999999999997
"prognostic",3,0.9,4.36999999999995
"prognostic",5,0.906,5.17999999999993
"mahalanobis",1,1.044,3.48999999999997
"mahalanobis",2,0.975,3.77999999999996
"mahalanobis",3,0.917,3.89999999999996
"mahalanobis",5,0.918,4.00999999999996
"propensity",1,0.944,2.39999999999999
"propensity",2,0.91,2.74999999999998
"propensity",3,0.928,3.01999999999998
"propensity",5,0.965,3.60999999999997
"prognostic",1,0.924,3.11999999999998
"prognostic",2,1.034,3.93999999999996
"prognostic",3,0.893,4.27999999999995
"prognostic",5,1.006,5.51999999999993
"mahalanobis",1,1.081,3.48999999999997
"mahalanobis",2,1.033,4.05999999999996
"mahalanobis",3,1.055,4.49999999999995
"mahalanobis",5,1.057,5.14999999999993
"propensity",1,0.876,1.98
"propensity",2,0.863,2.26
"propensity",3,0.895,2.61999999999999
"propensity",5,0.939,3.13999999999998
"prognostic",1,0.994,3.68999999999996
"prognostic",2,0.995,4.51999999999995
"prognostic",3,0.982,4.52999999999995
"prognostic",5,0.973,5.73999999999992
"mahalanobis",1,0.97,3.41999999999997
"mahalanobis",2,1.025,4.26999999999995
"mahalanobis",3,1.034,5.01999999999994
"mahalanobis",5,1.018,5.49999999999993
"propensity",1,1.101,2.41999999999999
"propensity",2,1.025,2.70999999999999
"propensity",3,1.033,3.06999999999998
"propensity",5,1.011,3.33999999999997
"prognostic",1,0.991,3.27999999999997
"prognostic",2,0.867,3.49999999999997
"prognostic",3,0.979,4.78999999999994
"prognostic",5,0.973,5.52999999999993
"mahalanobis",1,1.006,2.92999999999998
"mahalanobis",2,1.032,3.89999999999996
"mahalanobis",3,1.04,4.71999999999994
"mahalanobis",5,1.049,5.02999999999994
"propensity",1,1,2.66999999999999
"propensity",2,1.084,3.33999999999997
"propensity",3,1.04,3.54999999999997
"propensity",5,1.069,4.08999999999996
"prognostic",1,1.213,4.71999999999994
"prognostic",2,1.145,5.09999999999993
"prognostic",3,1.026,5.28999999999993
"prognostic",5,1.104,6.5099999999999
"mahalanobis",1,1.081,3.40999999999997
"mahalanobis",2,1.007,3.93999999999996
"mahalanobis",3,1.05,4.82999999999994
"mahalanobis",5,1.113,6.4999999999999
"propensity",1,0.932,2.27
"propensity",2,0.953,2.89999999999998
"propensity",3,0.955,3.23999999999997
"propensity",5,0.938,3.51999999999997
"prognostic",1,0.915,2.40999999999999
"prognostic",2,1.005,4.52999999999995
"prognostic",3,1.003,4.82999999999994
"prognostic",5,0.968,5.13999999999993
"mahalanobis",1,1.186,4.66999999999994
"mahalanobis",2,1.161,5.99999999999992
"mahalanobis",3,1.1,5.68999999999992
"mahalanobis",5,1.074,5.95999999999992
"propensity",1,0.94,2.12
"propensity",2,1.147,3.34999999999997
"propensity",3,1.174,3.98999999999996
"propensity",5,1.175,4.63999999999994
"prognostic",1,1.155,4.69999999999994
"prognostic",2,1.104,4.41999999999995
"prognostic",3,1.147,6.8399999999999
"prognostic",5,1.14,7.43999999999988
"mahalanobis",1,1.318,5.41999999999993
"mahalanobis",2,1.205,5.06999999999994
"mahalanobis",3,1.21,6.31999999999991
"mahalanobis",5,1.186,7.26999999999989
