"method","k","estimate","gamma"
"propensity",1,1.175,2.41999999999999
"propensity",2,1.157,3.02999999999998
"propensity",3,1.125,3.33999999999997
"propensity",5,1.061,3.57999999999997
"prognostic",1,1.037,3.78999999999996
"prognostic",2,1.049,4.57999999999995
"prognostic",3,1.085,4.88999999999994
"prognostic",5,1.1,6.22999999999991
"mahalanobis",1,1.07,3.04999999999998
"mahalanobis",2,1.126,4.39999999999995
"mahalanobis",3,1.096,4.74999999999994
"mahalanobis",5,1.119,5.19999999999993
"propensity",1,1.066,2.52999999999999
"propensity",2,1.011,2.84999999999998
"propensity",3,1.01,3.10999999999998
"propensity",5,1.026,3.61999999999997
"prognostic",1,1.069,3.76999999999996
"prognostic",2,1.092,4.59999999999995
"prognostic",3,1.005,4.44999999999995
"prognostic",5,1.05,5.86999999999992
"mahalanobis",1,1.093,3.57999999999997
"mahalanobis",2,1.047,4.27999999999995
"mahalanobis",3,1.088,5.18999999999993
"mahalanobis",5,1.091,5.63999999999992
"propensity",1,0.985,2.82999999999998
"propensity",2,1.038,3.20999999999998
"propensity",3,1.019,3.35999999999997
"propensity",5,1.046,3.72999999999996
"prognostic",1,1.066,3.61999999999997
"prognostic",2,1.126,5.34999999999993
"prognostic",3,1.124,6.43999999999991
"prognostic",5,1.053,6.7899999999999
"mahalanobis",1,0.993,3.42999999999997
"mahalanobis",2,0.946,3.64999999999997
"mahalanobis",3,1.026,4.49999999999995
"mahalanobis",5,1.04,5.33999999999993
"propensity",1,0.9,1.96
"propensity",2,0.926,2.51999999999999
"propensity",3,0.993,2.99999999999998
"propensity",5,0.983,3.24999999999997
"prognostic",1,1.06,3.73999999999996
"prognostic",2,1.089,4.38999999999995
"prognostic",3,1.065,5.11999999999993
"prognostic",5,1.037,5.66999999999992
"mahalanobis",1,0.968,2.50999999999999
"mahalanobis",2,0.994,3.54999999999997
"mahalanobis",3,0.981,3.86999999999996
"mahalanobis",5,1.058,5.00999999999994
"propensity",1,0.99,2.19
"propensity",2,1.058,2.82999999999998
"propensity",3,1.059,3.12999999999998
"propensity",5,1.095,3.68999999999996
"prognostic",1,1.194,5.99999999999992
"prognostic",2,1.116,5.24999999999993
"prognostic",3,1.113,6.18999999999991
"prognostic",5,1.062,6.02999999999991
"mahalanobis",1,1.071,3.94999999999996
"mahalanobis",2,1.02,4.17999999999995
"mahalanobis",3,1.039,4.77999999999994
"mahalanobis",5,1.088,5.83999999999992
"propensity",1,0.952,2.06
"propensity",2,1.068,2.96999999999998
"propensity",3,1.112,3.49999999999997
"propensity",5,1.087,3.78999999999996
"prognostic",1,1.108,3.58999999999997
"prognostic",2,1.062,4.30999999999995
"prognostic",3,0.995,4.12999999999996
"prognostic",5,0.998,5.06999999999994
"mahalanobis",1,1.096,3.50999999999997
"mahalanobis",2,1.083,4.40999999999995
"mahalanobis",3,1.074,4.91999999999994
"mahalanobis",5,1.09,5.70999999999992
"propensity",1,1.022,2.56999999999999
"propensity",2,0.909,2.60999999999999
"propensity",3,0.859,2.64999999999999
"propensity",5,0.948,3.19999999999998
"prognostic",1,0.9,3.46999999999997
"prognostic",2,1.012,4.34999999999995
"prognostic",3,0.974,4.92999999999994
"prognostic",5,1.017,5.78999999999992
"mahalanobis",1,0.92,2.82999999999998
"mahalanobis",2,0.995,4.16999999999995
"mahalanobis",3,0.983,4.48999999999995
"mahalanobis",5,1.032,5.35999999999993
"propensity",1,0.998,2.26
"propensity",2,1.009,2.51999999999999
"propensity",3,0.97,2.80999999999998
"propensity",5,1.029,3.44999999999997
"prognostic",1,1.114,3.64999999999997
"prognostic",2,1.048,4.67999999999994
"prognostic",3,1.093,5.04999999999994
"prognostic",5,0.99,5.25999999999993
"mahalanobis",1,1.137,3.90999999999996
"mahalanobis",2,1.124,4.43999999999995
"mahalanobis",3,1.149,5.14999999999993
"mahalanobis",5,1.122,5.73999999999992
"propensity",1,1.04,2.63999999999999
"propensity",2,0.98,2.97999999999998
"propensity",3,0.987,3.19999999999998
"propensity",5,1.04,3.55999999999997
"prognostic",1,0.872,2.90999999999998
"prognostic",2,1.028,4.97999999999994
"prognostic",3,1.031,5.45999999999993
"prognostic",5,1.061,6.36999999999991
"mahalanobis",1,1.147,4.04999999999996
"mahalanobis",2,1.036,4.21999999999995
"mahalanobis",3,1.03,4.68999999999994
"mahalanobis",5,1.029,5.40999999999993
"propensity",1,0.994,2.57999999999999
"propensity",2,0.926,2.58999999999999
"propensity",3,0.917,2.86999999999998
"propensity",5,0.939,3.26999999999997
"prognostic",1,1.014,2.83999999999998
"prognostic",2,1.006,4.06999999999996
"prognostic",3,0.935,4.08999999999996
"prognostic",5,0.966,5.21999999999993
"mahalanobis",1,0.973,3.52999999999997
"mahalanobis",2,0.971,3.75999999999996
"mahalanobis",3,0.922,3.86999999999996
"mahalanobis",5,0.925,4.18999999999995
