"method","k","estimate","gamma"
"propensity",1,1.052,2.65999999999999
"propensity",2,1.017,2.94999999999998
"propensity",3,1.096,3.54999999999997
"propensity",5,1.05,3.74999999999996
"prognostic",1,1.039,4.24999999999995
"prognostic",2,1.054,5.45999999999993
"prognostic",3,1.118,6.6199999999999
"prognostic",5,1.073,6.8099999999999
"mahalanobis",1,1.077,4.37999999999995
"mahalanobis",2,0.922,3.50999999999997
"mahalanobis",3,0.968,4.37999999999995
"mahalanobis",5,1.007,5.22999999999993
"propensity",1,0.912,2.19
"propensity",2,1.056,3.08999999999998
"propensity",3,1.084,3.50999999999997
"propensity",5,1.051,3.71999999999996
"prognostic",1,0.966,3.24999999999997
"prognostic",2,1.084,5.07999999999994
"prognostic",3,1.03,5.47999999999993
"prognostic",5,1.015,5.91999999999992
"mahalanobis",1,0.911,2.94999999999998
"mahalanobis",2,0.947,3.65999999999997
"mahalanobis",3,1.005,4.61999999999995
"mahalanobis",5,1.085,5.74999999999992
"propensity",1,0.851,1.78
"propensity",2,0.873,2.31999999999999
"propensity",3,0.948,2.83999999999998
"propensity",5,0.964,3.32999999999997
"prognostic",1,0.944,3.06999999999998
"prognostic",2,1.08,4.03999999999996
"prognostic",3,1.018,4.37999999999995
"prognostic",5,0.999,4.91999999999994
"mahalanobis",1,1.093,3.97999999999996
"mahalanobis",2,1.04,4.15999999999995
"mahalanobis",3,1.038,4.66999999999994
"mahalanobis",5,1.082,5.84999999999992
"propensity",1,1.075,2.40999999999999
"propensity",2,1.058,2.87999999999998
"propensity",3,1.069,3.31999999999997
"propensity",5,1.082,3.90999999999996
"prognostic",1,1.108,4.61999999999995
"prognostic",2,1.008,4.16999999999995
"prognostic",3,1.12,5.38999999999993
"prognostic",5,1.041,6.10999999999991
"mahalanobis",1,0.972,2.72999999999999
"mahalanobis",2,1.001,3.71999999999996
"mahalanobis",3,1.009,4.29999999999995
"mahalanobis",5,1.005,4.80999999999994
"propensity",1,0.969,2.52999999999999
"propensity",2,1.005,3.06999999999998
"propensity",3,0.998,3.43999999999997
"propensity",5,1.025,4.10999999999996
"prognostic",1,0.943,3.53999999999997
"prognostic",2,1.026,4.32999999999995
"prognostic",3,1.055,5.12999999999993
"prognostic",5,0.998,5.59999999999992
"mahalanobis",1,0.933,2.82999999999998
"mahalanobis",2,0.985,3.89999999999996
"mahalanobis",3,1.06,4.88999999999994
"mahalanobis",5,1.002,4.82999999999994
"propensity",1,1.08,2.34999999999999
"propensity",2,1.124,3.14999999999998
"propensity",3,1.163,3.64999999999997
"propensity",5,1.067,3.60999999999997
"prognostic",1,1.041,3.70999999999996
"prognostic",2,1.051,4.97999999999994
"prognostic",3,1.069,5.66999999999992
"prognostic",5,1.005,6.12999999999991
"mahalanobis",1,1.077,3.41999999999997
"mahalanobis",2,1.033,3.88999999999996
"mahalanobis",3,1.087,4.61999999999995
"mahalanobis",5,1.111,6.14999999999991
"propensity",1,0.867,2.26
"propensity",2,1.028,3.17999999999998
"propensity",3,0.992,3.59999999999997
"propensity",5,0.981,3.83999999999996
"prognostic",1,0.917,2.98999999999998
"prognostic",2,0.959,3.40999999999997
"prognostic",3,1.059,5.64999999999992
"prognostic",5,1.057,5.58999999999992
"mahalanobis",1,1.006,3.14999999999998
"mahalanobis",2,1.065,4.29999999999995
"mahalanobis",3,1.064,4.91999999999994
"mahalanobis",5,1.099,5.66999999999992
"propensity",1,1.195,3.65999999999997
"propensity",2,1.133,3.76999999999996
"propensity",3,1.133,4.68999999999994
"propensity",4,1.097,4.64999999999994
"propensity",5,1.124,5.10999999999993
"propensity",6,1.122,5.42999999999993
"propensity",7,1.122,5.38999999999993
"propensity",8,1.142,5.73999999999992
"propensity",9,1.184,6.36999999999991
"prognostic",1,1.101,4.12999999999996
"prognostic",2,1.184,5.75999999999992
"prognostic",3,1.143,6.12999999999991
"prognostic",4,1.094,7.22999999999989
"prognostic",5,1.101,6.99999999999989
"prognostic",6,1.137,7.74999999999988
"prognostic",7,1.162,8.71999999999986
"prognostic",8,1.219,9.50999999999984
"prognostic",9,1.272,11.8299999999998
"mahalanobis",1,1.114,4.17999999999995
"mahalanobis",2,1.118,5.34999999999993
"mahalanobis",3,1.115,5.64999999999992
"mahalanobis",4,1.167,6.7599999999999
"mahalanobis",5,1.189,7.44999999999988
"mahalanobis",6,1.185,7.46999999999988
"mahalanobis",7,1.216,8.72999999999986
"mahalanobis",8,1.252,9.32999999999985
"mahalanobis",9,1.27,9.43999999999984
"propensity",1,0.994,2.19
"propensity",2,1.014,2.62999999999999
"propensity",3,1.064,3.18999999999998
"propensity",5,1.117,3.89999999999996
"prognostic",1,1.048,3.65999999999997
"prognostic",2,1.003,4.71999999999994
"prognostic",3,1.06,4.77999999999994
"prognostic",5,1.075,6.42999999999991
"mahalanobis",1,1.367,6.04999999999991
"mahalanobis",2,1.196,5.98999999999992
"mahalanobis",3,1.207,6.21999999999991
"mahalanobis",5,1.204,6.9499999999999
"propensity",1,1.007,2.24
"propensity",2,1.07,3.03999999999998
"propensity",3,1.098,3.51999999999997
"propensity",5,1.024,3.52999999999997
"prognostic",1,0.812,2.69999999999999
"prognostic",2,0.992,4.84999999999994
"prognostic",3,0.984,5.04999999999994
"prognostic",5,0.937,5.31999999999993
"mahalanobis",1,1.005,4.11999999999996
"mahalanobis",2,1.035,4.85999999999994
"mahalanobis",3,0.983,4.45999999999995
"mahalanobis",5,0.998,5.27999999999993
