"method","k","estimate","gamma"
"propensity",1,0.682,1.46
"propensity",2,0.841,2.17
"propensity",3,0.87,2.55999999999999
"propensity",5,0.927,3.03999999999998
"prognostic",1,0.914,2.57999999999999
"prognostic",2,0.828,2.81999999999998
"prognostic",3,0.834,2.97999999999998
"prognostic",5,0.913,4.94999999999994
"mahalanobis",1,1.004,3.49999999999997
"mahalanobis",2,1.026,4.01999999999996
"mahalanobis",3,1,4.24999999999995
"mahalanobis",5,0.992,4.84999999999994
"propensity",1,1.024,2.80999999999998
"propensity",2,1.085,3.87999999999996
"propensity",3,1.083,4.38999999999995
"propensity",5,1.099,5.20999999999993
"prognostic",1,1.171,5.25999999999993
"prognostic",2,1.09,4.97999999999994
"prognostic",3,1.134,6.40999999999991
"prognostic",5,1.171,8.03999999999987
"mahalanobis",1,1.054,3.37999999999997
"mahalanobis",2,1.181,4.96999999999994
"mahalanobis",3,1.217,6.14999999999991
"mahalanobis",5,1.255,7.45999999999988
"propensity",1,1.247,3.70999999999996
"propensity",2,0.981,3.13999999999998
"propensity",3,0.971,3.43999999999997
"propensity",5,0.963,4.00999999999996
"prognostic",1,0.881,3.45999999999997
"prognostic",2,0.952,3.83999999999996
"prognostic",3,1.005,4.74999999999994
"prognostic",5,1.001,5.79999999999992
"mahalanobis",1,1.095,3.67999999999997
"mahalanobis",2,1.037,4.15999999999995
"mahalanobis",3,1.059,4.80999999999994
"mahalanobis",5,1.049,5.23999999999993
"propensity",1,0.888,2.81999999999998
"propensity",2,0.94,3.68999999999996
"propensity",3,0.948,3.95999999999996
"propensity",5,0.967,4.78999999999994
"prognostic",1,0.984,3.51999999999997
"prognostic",2,1.015,4.21999999999995
"prognostic",3,0.987,5.02999999999994
"prognostic",5,0.957,5.42999999999993
"mahalanobis",1,1.078,3.34999999999997
"mahalanobis",2,1.067,4.35999999999995
"mahalanobis",3,1.078,4.87999999999994
"mahalanobis",5,1.133,6.43999999999991
"propensity",1,1.049,3.29999999999997
"propensity",2,0.987,3.65999999999997
"propensity",3,1.018,3.96999999999996
"propensity",5,1.071,4.54999999999995
"prognostic",1,1.144,4.15999999999995
"prognostic",2,1.031,4.68999999999994
"prognostic",3,1.15,6.39999999999991
"prognostic",5,1.106,6.44999999999991
"mahalanobis",1,1.204,4.70999999999994
"mahalanobis",2,1.219,5.64999999999992
"mahalanobis",3,1.206,6.25999999999991
"mahalanobis",5,1.224,7.47999999999988
"propensity",1,1.038,2.51999999999999
"propensity",2,0.912,2.83999999999998
"propensity",3,0.943,3.37999999999997
"propensity",5,0.964,3.78999999999996
"prognostic",1,0.9,3.06999999999998
"prognostic",2,0.974,3.90999999999996
"prognostic",3,0.915,4.26999999999995
"prognostic",5,0.957,4.65999999999994
"mahalanobis",1,1.074,3.81999999999996
"mahalanobis",2,1.074,4.57999999999995
"mahalanobis",3,1.066,5.21999999999993
"mahalanobis",5,1.101,5.77999999999992
"propensity",1,1.144,3.17999999999998
"propensity",2,1.031,3.50999999999997
"propensity",3,1.002,3.71999999999996
"propensity",5,1.088,4.49999999999995
"prognostic",1,1.19,4.66999999999994
"prognostic",2,1.038,5.14999999999993
"prognostic",3,0.995,4.56999999999995
"prognostic",5,1.003,5.76999999999992
"mahalanobis",1,1.067,4.80999999999994
"mahalanobis",2,1.118,5.64999999999992
"mahalanobis",3,1.113,5.93999999999992
"mahalanobis",5,1.12,6.16999999999991
"propensity",1,0.934,2.74999999999998
"propensity",2,0.929,3.23999999999997
"propensity",3,0.979,3.89999999999996
"propensity",5,0.999,4.27999999999995
"prognostic",1,1.052,4.46999999999995
"prognostic",2,0.899,4.05999999999996
"prognostic",3,1.005,5.34999999999993
"prognostic",5,0.972,5.60999999999992
"mahalanobis",1,1.183,4.00999999999996
"mahalanobis",2,1.156,5.18999999999993
"mahalanobis",3,1.129,5.55999999999993
"mahalanobis",5,1.095,5.82999999999992
"propensity",1,1.23,4.58999999999995
"propensity",2,1.319,6.37999999999991
"propensity",3,1.219,5.55999999999993
"propensity",5,1.186,5.90999999999992
"prognostic",1,1.328,5.16999999999993
"prognostic",2,1.108,5.22999999999993
"prognostic",3,1.194,6.5199999999999
"prognostic",5,1.22,8.61999999999986
"mahalanobis",1,1.218,4.09999999999996
"mahalanobis",2,1.326,5.97999999999992
"mahalanobis",3,1.277,5.97999999999992
"mahalanobis",5,1.348,7.83999999999988
"propensity",1,1.095,3.43999999999997
"propensity",2,1.165,4.23999999999995
"propensity",3,1.125,4.47999999999995
"propensity",5,1.107,4.66999999999994
"prognostic",1,1.145,4.18999999999995
"prognostic",2,1.021,4.53999999999995
"prognostic",3,1.006,4.47999999999995
"prognostic",5,1.014,5.53999999999993
"mahalanobis",1,1.124,4.72999999999994
"mahalanobis",2,1.065,4.64999999999994
"mahalanobis",3,1.103,5.59999999999992
"mahalanobis",5,1.086,6.12999999999991
