"method","k","estimate","gamma"
"propensity",1,1.295,4.20999999999995
"propensity",2,1.29,5.08999999999994
"propensity",3,1.192,4.72999999999994
"propensity",5,1.14,5.14999999999993
"prognostic",1,1.287,5.13999999999993
"prognostic",2,1.145,5.41999999999993
"prognostic",3,1.181,5.21999999999993
"prognostic",5,1.182,7.87999999999988
"mahalanobis",1,1.135,4.08999999999996
"mahalanobis",2,1.209,5.19999999999993
"mahalanobis",3,1.253,6.6199999999999
"mahalanobis",5,1.196,7.27999999999989
"propensity",1,0.746,1.87
"propensity",2,0.767,2.24
"propensity",3,0.847,2.72999999999999
"propensity",5,0.875,3.14999999999998
"prognostic",1,0.781,2.54999999999999
"prognostic",2,0.917,3.94999999999996
"prognostic",3,0.78,3.44999999999997
"prognostic",5,0.837,4.11999999999996
"mahalanobis",1,0.806,2.64999999999999
"mahalanobis",2,0.947,3.61999999999997
"mahalanobis",3,0.968,4.30999999999995
"mahalanobis",5,0.919,4.15999999999995
"propensity",1,0.779,1.78
"propensity",2,0.763,2.15
"propensity",3,0.793,2.41999999999999
"propensity",5,0.772,2.56999999999999
"prognostic",1,0.718,2.30999999999999
"prognostic",2,0.805,3.20999999999998
"prognostic",3,0.816,3.23999999999997
"prognostic",5,0.748,3.41999999999997
"mahalanobis",1,0.846,2.56999999999999
"mahalanobis",2,0.819,2.94999999999998
"mahalanobis",3,0.793,3.13999999999998
"mahalanobis",5,0.868,4.06999999999996
"propensity",1,0.77,1.85
"propensity",2,0.923,2.65999999999999
"propensity",3,1.032,3.48999999999997
"propensity",5,0.997,3.81999999999996
"prognostic",1,1.053,4.12999999999996
"prognostic",2,0.962,4.17999999999995
"prognostic",3,0.945,4.60999999999995
"prognostic",5,0.944,5.19999999999993
"mahalanobis",1,1.052,4.27999999999995
"mahalanobis",2,1.086,5.71999999999992
"mahalanobis",3,1.038,5.52999999999993
"mahalanobis",5,0.973,4.89999999999994
"propensity",1,1.153,3.37999999999997
"propensity",2,1.179,4.58999999999995
"propensity",3,1.121,5.08999999999994
"propensity",5,1.085,5.09999999999993
"prognostic",1,1.182,5.19999999999993
"prognostic",2,1.072,5.03999999999994
"prognostic",3,1.073,6.48999999999991
"prognostic",5,1.051,7.06999999999989
"mahalanobis",1,1.091,4.17999999999995
"mahalanobis",2,1.147,5.33999999999993
"mahalanobis",3,1.124,5.79999999999992
"mahalanobis",5,1.15,7.02999999999989
"propensity",1,1.199,3.07999999999998
"propensity",2,1.212,3.76999999999996
"propensity",3,1.219,4.26999999999995
"propensity",5,1.241,5.03999999999994
"prognostic",1,1.245,4.48999999999995
"prognostic",2,1.316,6.8299999999999
"prognostic",3,1.297,7.62999999999988
"prognostic",5,1.272,8.74999999999986
"mahalanobis",1,1.076,3.57999999999997
"mahalanobis",2,1.142,5.15999999999993
"mahalanobis",3,1.142,5.79999999999992
"mahalanobis",5,1.203,7.35999999999989
"propensity",1,0.928,2.39999999999999
"propensity",2,0.993,3.32999999999997
"propensity",3,0.931,3.06999999999998
"propensity",5,0.95,3.30999999999997
"prognostic",1,0.92,3.42999999999997
"prognostic",2,1.019,3.80999999999996
"prognostic",3,1.006,5.72999999999992
"prognostic",5,1.007,5.96999999999992
"mahalanobis",1,1.077,3.46999999999997
"mahalanobis",2,1.004,4.45999999999995
"mahalanobis",3,1.006,4.74999999999994
"mahalanobis",5,0.996,5.04999999999994
"propensity",1,1.176,3.22999999999997
"propensity",2,1.133,3.42999999999997
"propensity",3,1.066,3.59999999999997
"propensity",5,1.058,4.23999999999995
"prognostic",1,0.872,2.95999999999998
"prognostic",2,1.031,4.27999999999995
"prognostic",3,1.014,5.23999999999993
"prognostic",5,1.013,5.82999999999992
"mahalanobis",1,1.032,3.53999999999997
"mahalanobis",2,1.022,4.06999999999996
"mahalanobis",3,1.08,4.81999999999994
"mahalanobis",5,1.097,5.59999999999992
"propensity",1,1.338,3.31999999999997
"propensity",2,1.217,3.78999999999996
"propensity",3,1.173,4.09999999999996
"propensity",5,1.141,4.53999999999995
"prognostic",1,1.141,3.93999999999996
"prognostic",2,1.081,5.02999999999994
"prognostic",3,1.151,5.83999999999992
"prognostic",5,1.103,6.03999999999991
"mahalanobis",1,1.225,4.45999999999995
"mahalanobis",2,1.255,5.46999999999993
"mahalanobis",3,1.224,5.70999999999992
"mahalanobis",5,1.18,6.30999999999991
"propensity",1,1.048,2.51999999999999
"propensity",2,1.106,3.24999999999997
"propensity",3,1.011,3.35999999999997
"propensity",5,1.047,4.19999999999995
"prognostic",1,1.054,3.91999999999996
"prognostic",2,1.01,4.34999999999995
"prognostic",3,1.009,4.65999999999994
"prognostic",5,0.997,5.25999999999993
"mahalanobis",1,1.07,3.14999999999998
"mahalanobis",2,1.034,4.04999999999996
"mahalanobis",3,1.077,4.64999999999994
"mahalanobis",5,1.08,5.15999999999993
