"method","k","estimate","gamma"
"propensity",1,1.05,3.44999999999997
"propensity",2,1.109,4.44999999999995
"propensity",3,1.069,4.93999999999994
"propensity",5,1.135,6.27999999999991
"prognostic",1,1.33,6.5399999999999
"prognostic",2,1.096,5.75999999999992
"prognostic",3,1.123,6.39999999999991
"prognostic",5,1.127,7.07999999999989
"mahalanobis",1,1.316,5.02999999999994
"mahalanobis",2,1.199,5.20999999999993
"mahalanobis",3,1.282,6.9599999999999
"mahalanobis",5,1.293,8.13999999999987
"propensity",1,0.753,2.25
"propensity",2,0.934,3.56999999999997
"propensity",3,0.917,3.88999999999996
"propensity",5,0.959,4.80999999999994
"prognostic",1,0.966,3.53999999999997
"prognostic",2,0.876,3.49999999999997
"prognostic",3,0.957,5.06999999999994
"prognostic",5,0.951,5.74999999999992
"mahalanobis",1,1.218,5.24999999999993
"mahalanobis",2,1.23,5.56999999999992
"mahalanobis",3,1.218,6.5299999999999
"mahalanobis",5,1.149,5.88999999999992
"propensity",1,1.093,3.29999999999997
"propensity",2,1.027,3.69999999999996
"propensity",3,1.035,4.45999999999995
"propensity",5,1.049,4.82999999999994
"prognostic",1,1.011,3.33999999999997
"prognostic",2,0.912,3.81999999999996
"prognostic",3,1.001,5.34999999999993
"prognostic",5,1.012,6.48999999999991
"mahalanobis",1,1.027,3.47999999999997
"mahalanobis",2,1.04,4.08999999999996
"mahalanobis",3,1.078,4.81999999999994
"mahalanobis",5,1.132,6.09999999999991
"propensity",1,0.953,2.17
"propensity",2,0.989,2.91999999999998
"propensity",3,0.944,3.15999999999998
"propensity",5,0.984,3.79999999999996
"prognostic",1,1.087,4.03999999999996
"prognostic",2,1.034,4.36999999999995
"prognostic",3,1.012,4.57999999999995
"prognostic",5,1.113,6.96999999999989
"mahalanobis",1,1.071,3.63999999999997
"mahalanobis",2,1,3.66999999999997
"mahalanobis",3,1.039,4.33999999999995
"mahalanobis",5,1.125,5.66999999999992
"propensity",1,1.117,2.85999999999998
"propensity",2,1.112,3.70999999999996
"propensity",3,1.114,4.25999999999995
"propensity",5,1.087,4.91999999999994
"prognostic",1,1.204,4.79999999999994
"prognostic",2,1.128,5.09999999999993
"prognostic",3,1.135,6.6099999999999
"prognostic",5,1.109,6.22999999999991
"mahalanobis",1,1.154,4.25999999999995
"mahalanobis",2,1.199,5.22999999999993
"mahalanobis",3,1.198,6.04999999999991
"mahalanobis",5,1.188,6.40999999999991
"propensity",1,0.929,2.44999999999999
"propensity",2,0.907,2.60999999999999
"propensity",3,0.896,2.69999999999999
"propensity",5,0.947,3.28999999999997
"prognostic",1,0.906,2.91999999999998
"prognostic",2,0.987,3.75999999999996
"prognostic",3,0.983,4.56999999999995
"prognostic",5,0.958,4.88999999999994
"mahalanobis",1,0.915,3.08999999999998
"mahalanobis",2,1.015,4.16999999999995
"mahalanobis",3,1.057,4.65999999999994
"mahalanobis",5,1.088,5.28999999999993
"propensity",1,1.167,3.19999999999998
"propensity",2,1.049,3.52999999999997
"propensity",3,1.051,3.87999999999996
"propensity",5,1.065,4.63999999999994
"prognostic",1,0.999,4.05999999999996
"prognostic",2,1.007,4.23999999999995
"prognostic",3,1.066,4.92999999999994
"prognostic",5,1.082,7.27999999999989
"mahalanobis",1,1.197,4.28999999999995
"mahalanobis",2,1.192,5.10999999999993
"mahalanobis",3,1.182,5.84999999999992
"mahalanobis",5,1.188,6.7099999999999
"propensity",1,0.943,3.21999999999997
"propensity",2,0.831,2.93999999999998
"propensity",3,0.828,3.23999999999997
"propensity",5,0.804,3.37999999999997
"prognostic",1,0.768,2.61999999999999
"prognostic",2,0.922,3.87999999999996
"prognostic",3,0.809,3.90999999999996
"prognostic",5,0.866,4.68999999999994
"mahalanobis",1,0.741,2.36999999999999
"mahalanobis",2,0.953,3.89999999999996
"mahalanobis",3,0.95,4.11999999999996
"mahalanobis",5,0.981,4.83999999999994
"propensity",1,0.995,2.82999999999998
"propensity",2,1.081,4.04999999999996
"propensity",3,1.09,4.47999999999995
"propensity",5,1.076,4.76999999999994
"prognostic",1,0.965,3.89999999999996
"prognostic",2,1.039,5.48999999999993
"prognostic",3,1.098,6.02999999999991
"prognostic",5,1.059,7.74999999999988
"mahalanobis",1,1.082,3.76999999999996
"mahalanobis",2,1.142,5.17999999999993
"mahalanobis",3,1.144,5.73999999999992
"mahalanobis",5,1.192,6.8699999999999
"propensity",1,0.844,2.19
"propensity",2,0.965,3.26999999999997
"propensity",3,1.026,3.89999999999996
"propensity",5,0.979,4.21999999999995
"prognostic",1,1.019,3.92999999999996
"prognostic",2,0.98,4.07999999999996
"prognostic",3,0.918,4.20999999999995
"prognostic",5,0.992,5.46999999999993
"mahalanobis",1,1.039,3.47999999999997
"mahalanobis",2,1.12,4.51999999999995
"mahalanobis",3,1.106,5.14999999999993
"mahalanobis",5,1.094,5.66999999999992
