"method","k","estimate","gamma"
"propensity",1,0.925,2.17
"propensity",2,1.035,2.80999999999998
"propensity",3,1.022,3.14999999999998
"propensity",5,1.057,3.69999999999996
"prognostic",1,1.076,4.83999999999994
"prognostic",2,1.12,5.74999999999992
"prognostic",3,1.084,5.69999999999992
"prognostic",5,1.112,7.40999999999989
"mahalanobis",1,0.924,3.16999999999998
"mahalanobis",2,1.064,4.79999999999994
"mahalanobis",3,1.081,5.06999999999994
"mahalanobis",5,1.115,6.10999999999991
"propensity",1,1.157,2.69999999999999
"propensity",2,1.047,3.00999999999998
"propensity",3,0.976,2.96999999999998
"propensity",5,0.962,3.33999999999997
"prognostic",1,0.998,4.19999999999995
"prognostic",2,0.803,3.45999999999997
"prognostic",3,0.825,3.54999999999997
"prognostic",5,0.944,5.15999999999993
"mahalanobis",1,0.899,2.74999999999998
"mahalanobis",2,0.994,3.80999999999996
"mahalanobis",3,0.997,4.43999999999995
"mahalanobis",5,0.997,5.07999999999994
"propensity",1,1.063,2.70999999999999
"propensity",2,1.096,3.36999999999997
"propensity",3,1.135,4.07999999999996
"propensity",5,1.092,4.27999999999995
"prognostic",1,1.151,5.84999999999992
"prognostic",2,1.021,4.03999999999996
"prognostic",3,0.966,4.73999999999994
"prognostic",5,1.087,6.9399999999999
"mahalanobis",1,0.951,2.98999999999998
"mahalanobis",2,1.021,4.07999999999996
"mahalanobis",3,1.092,5.10999999999993
"mahalanobis",5,1.101,5.81999999999992
"propensity",1,1.288,3.73999999999996
"propensity",2,1.226,3.61999999999997
"propensity",3,1.145,3.79999999999996
"propensity",5,1.132,4.08999999999996
"prognostic",1,1.095,3.91999999999996
"prognostic",2,1.17,5.39999999999993
"prognostic",3,1.105,5.38999999999993
"prognostic",5,1.101,6.6499999999999
"mahalanobis",1,0.959,3.03999999999998
"mahalanobis",2,0.984,4.06999999999996
"mahalanobis",3,1.081,5.25999999999993
"mahalanobis",5,1.118,6.23999999999991
"propensity",1,1.003,2.64999999999999
"propensity",2,1.01,3.04999999999998
"propensity",3,1,3.33999999999997
"propensity",5,1.1,4.12999999999996
"prognostic",1,1.045,4.31999999999995
"prognostic",2,1.057,4.96999999999994
"prognostic",3,1.029,5.55999999999993
"prognostic",5,1.022,6.43999999999991
"mahalanobis",1,0.985,3.42999999999997
"mahalanobis",2,1.005,3.96999999999996
"mahalanobis",3,1.007,4.70999999999994
"mahalanobis",5,1.006,5.15999999999993
"propensity",1,1.196,3.23999999999997
"propensity",2,1.206,3.88999999999996
"propensity",3,1.155,3.88999999999996
"propensity",5,1.077,3.76999999999996
"prognostic",1,1.277,6.41999999999991
"prognostic",2,1.162,5.87999999999992
"prognostic",3,1.075,6.04999999999991
"prognostic",5,1.101,7.19999999999989
"mahalanobis",1,1.029,3.83999999999996
"mahalanobis",2,1.077,4.59999999999995
"mahalanobis",3,1.044,4.60999999999995
"mahalanobis",5,1.066,5.52999999999993
"propensity",1,0.933,2.19
"propensity",2,1.002,2.91999999999998
"propensity",3,0.972,3.23999999999997
"propensity",5,0.99,3.81999999999996
"prognostic",1,0.98,2.81999999999998
"prognostic",2,1.091,4.82999999999994
"prognostic",3,1.072,5.44999999999993
"prognostic",5,0.986,5.04999999999994
"mahalanobis",1,1.015,3.13999999999998
"mahalanobis",2,1.037,4.38999999999995
"mahalanobis",3,1.094,5.77999999999992
"mahalanobis",5,1.135,6.21999999999991
"propensity",1,0.948,2.12
"propensity",2,0.983,2.76999999999998
"propensity",3,1.037,3.48999999999997
"propensity",5,1.065,4.29999999999995
"prognostic",1,1.056,3.53999999999997
"prognostic",2,1.073,5.17999999999993
"prognostic",3,1.086,5.44999999999993
"prognostic",5,1.04,5.50999999999993
"mahalanobis",1,1.035,3.87999999999996
"mahalanobis",2,1.053,4.24999999999995
"mahalanobis",3,1.123,5.64999999999992
"mahalanobis",5,1.108,5.77999999999992
"propensity",1,0.811,2.03
"propensity",2,0.969,2.86999999999998
"propensity",3,1.005,3.35999999999997
"propensity",5,0.969,3.31999999999997
"prognostic",1,1.005,3.57999999999997
"prognostic",2,1.025,4.14999999999996
"prognostic",3,1.015,4.77999999999994
"prognostic",5,1.04,5.72999999999992
"mahalanobis",1,1.131,4.45999999999995
"mahalanobis",2,1.085,5.34999999999993
"mahalanobis",3,1.059,5.54999999999993
"mahalanobis",5,1.053,5.35999999999993
"propensity",1,0.817,2.14
"propensity",2,0.844,2.68999999999999
"propensity",3,0.809,2.67999999999999
"propensity",5,0.845,2.99999999999998
"prognostic",1,0.807,2.85999999999998
"prognostic",2,0.944,4.14999999999996
"prognostic",3,0.814,3.89999999999996
"prognostic",5,0.844,4.78999999999994
"mahalanobis",1,0.744,2.50999999999999
"mahalanobis",2,0.798,3.07999999999998
"mahalanobis",3,0.841,3.63999999999997
"mahalanobis",5,0.85,4.05999999999996
