"method","k","estimate","gamma"
"propensity",1,0.973,2.35999999999999
"propensity",2,0.941,2.46999999999999
"propensity",3,1.029,3.09999999999998
"propensity",5,1.025,3.42999999999997
"prognostic",1,1.002,4.27999999999995
"prognostic",2,0.951,3.83999999999996
"prognostic",3,1.095,5.49999999999993
"prognostic",5,1.043,6.08999999999991
"mahalanobis",1,0.873,2.59999999999999
"mahalanobis",2,0.967,4.10999999999996
"mahalanobis",3,0.991,4.38999999999995
"mahalanobis",5,0.983,4.96999999999994
"propensity",1,1.18,2.85999999999998
"propensity",2,1.042,2.85999999999998
"propensity",3,1.019,3.09999999999998
"propensity",5,0.978,3.29999999999997
"prognostic",1,0.865,3.34999999999997
"prognostic",2,0.968,4.27999999999995
"prognostic",3,0.959,4.42999999999995
"prognostic",5,0.975,4.71999999999994
"mahalanobis",1,1.034,3.56999999999997
"mahalanobis",2,0.973,4.14999999999996
"mahalanobis",3,0.952,4.37999999999995
"mahalanobis",5,1.028,5.75999999999992
"propensity",1,0.925,2.16
"propensity",2,0.955,2.61999999999999
"propensity",3,0.92,2.68999999999999
"propensity",5,0.902,2.95999999999998
"prognostic",1,0.863,2.83999999999998
"prognostic",2,0.849,3.57999999999997
"prognostic",3,0.95,4.58999999999995
"prognostic",5,0.859,4.60999999999995
"mahalanobis",1,0.884,2.66999999999999
"mahalanobis",2,0.867,3.46999999999997
"mahalanobis",3,0.838,3.46999999999997
"mahalanobis",5,0.824,3.61999999999997
"propensity",1,0.751,1.89
"propensity",2,0.82,2.25
"propensity",3,0.857,2.48999999999999
"propensity",5,0.863,2.77999999999998
"prognostic",1,0.843,2.84999999999998
"prognostic",2,0.825,3.11999999999998
"prognostic",3,0.865,3.78999999999996
"prognostic",5,0.928,4.99999999999994
"mahalanobis",1,0.957,3.11999999999998
"mahalanobis",2,1.023,3.92999999999996
"mahalanobis",3,0.965,4.01999999999996
"mahalanobis",5,0.958,4.34999999999995
"propensity",1,1.27,3.99999999999996
"propensity",2,1.292,4.55999999999995
"propensity",3,1.2,4.23999999999995
"propensity",5,1.138,3.92999999999996
"prognostic",1,1.078,4.83999999999994
"prognostic",2,1.121,6.15999999999991
"prognostic",3,1.133,6.99999999999989
"prognostic",5,1.15,9.08999999999985
"mahalanobis",1,1.173,4.66999999999994
"mahalanobis",2,1.084,4.88999999999994
"mahalanobis",3,1.083,5.26999999999993
"mahalanobis",5,1.095,6.15999999999991
"propensity",1,0.817,1.87
"propensity",2,0.847,2.32999999999999
"propensity",3,0.864,2.56999999999999
"propensity",5,0.885,2.88999999999998
"prognostic",1,0.873,2.71999999999999
"prognostic",2,0.929,4.08999999999996
"prognostic",3,0.948,4.49999999999995
"prognostic",5,0.921,4.85999999999994
"mahalanobis",1,0.943,2.64999999999999
"mahalanobis",2,0.979,3.70999999999996
"mahalanobis",3,0.933,4.15999999999995
"mahalanobis",5,0.894,4.29999999999995
"propensity",1,0.967,2.19
"propensity",2,1.046,2.91999999999998
"propensity",3,1.06,3.41999999999997
"propensity",5,1.03,3.68999999999996
"prognostic",1,0.904,3.14999999999998
"prognostic",2,0.974,4.47999999999995
"prognostic",3,1.023,6.05999999999991
"prognostic",5,0.967,5.55999999999993
"mahalanobis",1,0.9,2.88999999999998
"mahalanobis",2,0.903,3.72999999999996
"mahalanobis",3,1.008,4.61999999999995
"mahalanobis",5,0.978,4.93999999999994
"propensity",1,0.871,1.95
"propensity",2,0.889,2.42999999999999
"propensity",3,0.929,2.81999999999998
"propensity",5,0.905,2.93999999999998
"prognostic",1,0.889,2.93999999999998
"prognostic",2,0.848,3.25999999999997
"prognostic",3,0.828,3.82999999999996
"prognostic",5,0.837,4.12999999999996
"mahalanobis",1,0.772,2.29999999999999
"mahalanobis",2,0.885,3.30999999999997
"mahalanobis",3,0.864,3.50999999999997
"mahalanobis",5,0.84,3.87999999999996
"propensity",1,0.825,2.12
"propensity",2,0.979,2.80999999999998
"propensity",3,0.993,3.06999999999998
"propensity",5,0.971,3.50999999999997
"prognostic",1,0.93,3.51999999999997
"prognostic",2,0.984,4.00999999999996
"prognostic",3,0.987,4.75999999999994
"prognostic",5,0.975,5.53999999999993
"mahalanobis",1,0.956,3.70999999999996
"mahalanobis",2,1.061,5.07999999999994
"mahalanobis",3,1.056,5.38999999999993
"mahalanobis",5,1.03,5.78999999999992
"propensity",1,1.14,2.80999999999998
"propensity",2,1.046,3.04999999999998
"propensity",3,1.024,3.28999999999997
"propensity",5,1.072,4.05999999999996
"prognostic",1,1.174,4.69999999999994
"prognostic",2,1.115,5.07999999999994
"prognostic",3,1.154,6.4999999999999
"prognostic",5,1.102,6.5299999999999
"mahalanobis",1,1.085,3.13999999999998
"mahalanobis",2,1.06,3.90999999999996
"mahalanobis",3,1.038,4.60999999999995
"mahalanobis",5,1.048,5.43999999999993
