"method","k","estimate","gamma"
"propensity",1,1.014,2.37999999999999
"propensity",2,0.947,2.68999999999999
"propensity",3,0.937,2.81999999999998
"propensity",5,0.94,3.18999999999998
"prognostic",1,0.876,3.01999999999998
"prognostic",2,0.898,3.63999999999997
"prognostic",3,0.885,4.28999999999995
"prognostic",5,0.851,4.68999999999994
"mahalanobis",1,0.882,2.92999999999998
"mahalanobis",2,0.87,3.57999999999997
"mahalanobis",3,0.878,3.67999999999997
"mahalanobis",5,0.858,3.71999999999996
"propensity",1,1.08,2.44999999999999
"propensity",2,0.951,2.50999999999999
"propensity",3,0.97,2.74999999999998
"propensity",5,1.052,3.54999999999997
"prognostic",1,1.039,3.89999999999996
"prognostic",2,1.177,5.24999999999993
"prognostic",3,1.095,5.39999999999993
"prognostic",5,1.055,5.52999999999993
"mahalanobis",1,1.123,3.71999999999996
"mahalanobis",2,1.136,4.37999999999995
"mahalanobis",3,1.038,4.02999999999996
"mahalanobis",5,1.043,4.92999999999994
"propensity",1,0.919,2.12
"propensity",2,1.012,2.76999999999998
"propensity",3,1.037,3.27999999999997
"propensity",5,1.135,4.26999999999995
"prognostic",1,1.035,3.38999999999997
"prognostic",2,1.142,5.26999999999993
"prognostic",3,1.086,5.91999999999992
"prognostic",5,1.131,7.18999999999989
"mahalanobis",1,1.037,3.49999999999997
"mahalanobis",2,1.06,4.63999999999994
"mahalanobis",3,1.092,5.67999999999992
"mahalanobis",5,1.092,6.6899999999999
"propensity",1,0.95,2.38999999999999
"propensity",2,0.972,2.87999999999998
"propensity",3,1.019,3.42999999999997
"propensity",5,1.026,3.85999999999996
"prognostic",1,0.974,3.33999999999997
"prognostic",2,0.96,4.03999999999996
"prognostic",3,1.024,5.77999999999992
"prognostic",5,1.021,5.75999999999992
"mahalanobis",1,0.998,3.21999999999997
"mahalanobis",2,0.922,3.53999999999997
"mahalanobis",3,1.036,4.78999999999994
"mahalanobis",5,1.055,5.59999999999992
"propensity",1,1.06,2.40999999999999
"propensity",2,1.012,2.74999999999998
"propensity",3,1.005,3.06999999999998
"propensity",5,1.073,3.70999999999996
"prognostic",1,1.055,3.90999999999996
"prognostic",2,0.948,4.07999999999996
"prognostic",3,1.006,4.85999999999994
"prognostic",5,0.984,5.65999999999992
"mahalanobis",1,1.182,4.04999999999996
"mahalanobis",2,1.155,5.28999999999993
"mahalanobis",3,1.12,5.66999999999992
"mahalanobis",5,1.128,6.32999999999991
"propensity",1,1.297,3.14999999999998
"propensity",2,1.255,3.44999999999997
"propensity",3,1.178,3.72999999999996
"propensity",5,1.188,4.45999999999995
"prognostic",1,1.178,3.57999999999997
"prognostic",2,1.186,5.24999999999993
"prognostic",3,1.19,6.29999999999991
"prognostic",5,1.226,7.31999999999989
"mahalanobis",1,1.34,5.21999999999993
"mahalanobis",2,1.241,5.76999999999992
"mahalanobis",3,1.261,6.38999999999991
"mahalanobis",5,1.232,7.08999999999989
"propensity",1,0.786,2.13
"propensity",2,0.878,2.70999999999999
"propensity",3,0.929,3.09999999999998
"propensity",5,0.919,3.32999999999997
"prognostic",1,1.037,3.47999999999997
"prognostic",2,0.993,4.74999999999994
"prognostic",3,0.934,4.16999999999995
"prognostic",5,0.918,5.32999999999993
"mahalanobis",1,0.898,2.68999999999999
"mahalanobis",2,0.967,3.67999999999997
"mahalanobis",3,0.989,4.47999999999995
"mahalanobis",5,0.938,4.44999999999995
"propensity",1,0.885,2.03
"propensity",2,1.028,2.93999999999998
"propensity",3,1.072,3.43999999999997
"propensity",5,1.088,4.12999999999996
"prognostic",1,1.302,6.25999999999991
"prognostic",2,1.129,5.82999999999992
"prognostic",3,1.179,7.25999999999989
"prognostic",5,1.135,8.41999999999986
"mahalanobis",1,1.05,3.52999999999997
"mahalanobis",2,1.038,4.10999999999996
"mahalanobis",3,1.097,5.08999999999994
"mahalanobis",5,1.123,5.99999999999992
"propensity",1,1.112,2.61999999999999
"propensity",2,1.149,3.50999999999997
"propensity",3,1.168,3.96999999999996
"propensity",5,1.184,4.58999999999995
"prognostic",1,1.213,4.69999999999994
"prognostic",2,1.327,7.10999999999989
"prognostic",3,1.274,7.92999999999987
"prognostic",5,1.26,8.33999999999987
"mahalanobis",1,1.326,5.53999999999993
"mahalanobis",2,1.331,6.17999999999991
"mahalanobis",3,1.354,7.01999999999989
"mahalanobis",5,1.289,8.79999999999986
"propensity",1,0.902,2.11
"propensity",2,0.91,2.60999999999999
"propensity",3,0.949,3.05999999999998
"propensity",5,0.897,3.19999999999998
"prognostic",1,0.872,2.88999999999998
"prognostic",2,0.965,4.19999999999995
"prognostic",3,0.929,4.70999999999994
"prognostic",5,0.966,5.48999999999993
"mahalanobis",1,0.923,3.02999999999998
"mahalanobis",2,0.923,3.50999999999997
"mahalanobis",3,0.957,4.27999999999995
"mahalanobis",5,1.032,5.60999999999992
