"method","k","estimate","gamma"
"propensity",1,0.825,2.70999999999999
"propensity",2,0.8,3.27999999999997
"propensity",3,0.832,3.71999999999996
"propensity",5,0.816,3.72999999999996
"prognostic",1,0.997,3.11999999999998
"prognostic",2,0.922,4.19999999999995
"prognostic",3,0.868,3.83999999999996
"prognostic",5,0.937,5.30999999999993
"mahalanobis",1,0.943,2.65999999999999
"mahalanobis",2,1.04,3.63999999999997
"mahalanobis",3,1.032,4.18999999999995
"mahalanobis",5,1.051,4.92999999999994
"propensity",1,0.817,1.99
"propensity",2,0.886,2.73999999999999
"propensity",3,0.935,3.38999999999997
"propensity",5,0.998,4.24999999999995
"prognostic",1,0.975,3.67999999999997
"prognostic",2,0.984,4.10999999999996
"prognostic",3,0.968,4.77999999999994
"prognostic",5,0.974,5.43999999999993
"mahalanobis",1,0.94,3.13999999999998
"mahalanobis",2,1.049,4.30999999999995
"mahalanobis",3,1.028,4.41999999999995
"mahalanobis",5,1.066,5.09999999999993
"propensity",1,1.005,2.88999999999998
"propensity",2,1.053,3.75999999999996
"propensity",3,1.103,4.49999999999995
"propensity",5,1.118,4.85999999999994
"prognostic",1,1.034,3.16999999999998
"prognostic",2,1.034,4.26999999999995
"prognostic",3,1.071,5.13999999999993
"prognostic",5,1.083,6.7899999999999
"mahalanobis",1,1.258,5.70999999999992
"mahalanobis",2,1.207,5.87999999999992
"mahalanobis",3,1.15,5.76999999999992
"mahalanobis",5,1.209,7.34999999999989
"propensity",1,1.126,3.29999999999997
"propensity",2,1.184,4.55999999999995
"propensity",3,1.13,4.57999999999995
"propensity",5,1.081,4.71999999999994
"prognostic",1,1.009,3.85999999999996
"prognostic",2,1.06,5.43999999999993
"prognostic",3,1.057,5.11999999999993
"prognostic",5,1.123,8.15999999999987
"mahalanobis",1,1.119,4.08999999999996
"mahalanobis",2,1.118,5.03999999999994
"mahalanobis",3,1.133,5.62999999999992
"mahalanobis",5,1.139,6.01999999999992
"propensity",1,0.982,2.77999999999998
"propensity",2,1.02,3.65999999999997
"propensity",3,0.995,4.03999999999996
"propensity",5,1.05,4.94999999999994
"prognostic",1,1.066,4.19999999999995
"prognostic",2,0.986,3.93999999999996
"prognostic",3,1.013,4.86999999999994
"prognostic",5,1.075,6.6899999999999
"mahalanobis",1,1.153,3.98999999999996
"mahalanobis",2,1.178,5.37999999999993
"mahalanobis",3,1.19,6.5299999999999
"mahalanobis",5,1.151,6.8399999999999
"propensity",1,1.038,2.33999999999999
"propensity",2,0.999,2.83999999999998
"propensity",3,0.993,3.11999999999998
"propensity",5,0.986,3.47999999999997
"prognostic",1,0.893,3.11999999999998
"prognostic",2,1.068,5.00999999999994
"prognostic",3,1.015,5.18999999999993
"prognostic",5,1.06,6.21999999999991
"mahalanobis",1,1.029,3.71999999999996
"mahalanobis",2,0.992,3.69999999999996
"mahalanobis",3,1.005,4.20999999999995
"mahalanobis",5,0.986,4.65999999999994
"propensity",1,0.771,1.78
"propensity",2,0.78,2.14
"propensity",3,0.812,2.52999999999999
"propensity",5,0.842,2.96999999999998
"prognostic",1,0.864,2.70999999999999
"prognostic",2,0.85,3.22999999999997
"prognostic",3,0.806,3.84999999999996
"prognostic",5,0.837,4.44999999999995
"mahalanobis",1,0.864,2.74999999999998
"mahalanobis",2,0.843,3.31999999999997
"mahalanobis",3,0.917,3.88999999999996
"mahalanobis",5,0.875,3.89999999999996
"propensity",1,1.152,2.90999999999998
"propensity",2,0.941,2.97999999999998
"propensity",3,0.916,3.08999999999998
"propensity",5,0.885,3.34999999999997
"prognostic",1,0.884,2.36999999999999
"prognostic",2,0.8,2.94999999999998
"prognostic",3,0.867,3.75999999999996
"prognostic",5,0.795,3.92999999999996
"mahalanobis",1,0.882,2.75999999999998
"mahalanobis",2,0.9,3.32999999999997
"mahalanobis",3,0.89,3.74999999999996
"mahalanobis",5,0.915,4.08999999999996
"propensity",1,0.985,2.51999999999999
"propensity",2,0.901,2.60999999999999
"propensity",3,0.893,2.79999999999998
"propensity",5,0.964,3.29999999999997
"prognostic",1,1.05,3.66999999999997
"prognostic",2,0.981,4.35999999999995
"prognostic",3,1.005,5.29999999999993
"prognostic",5,1.024,6.29999999999991
"mahalanobis",1,1.092,4.49999999999995
"mahalanobis",2,1.071,4.74999999999994
"mahalanobis",3,1.083,5.45999999999993
"mahalanobis",5,1.073,5.97999999999992
"propensity",1,1.109,3.07999999999998
"propensity",2,1.05,3.03999999999998
"propensity",3,0.992,3.19999999999998
"propensity",5,1.112,4.28999999999995
"prognostic",1,1.016,2.95999999999998
"prognostic",2,1.162,5.23999999999993
"prognostic",3,1.152,6.7099999999999
"prognostic",5,1.105,7.43999999999988
"mahalanobis",1,1.116,3.82999999999996
"mahalanobis",2,1.117,4.38999999999995
"mahalanobis",3,1.101,4.97999999999994
"mahalanobis",5,1.191,6.28999999999991
