"method","k","estimate","gamma"
"propensity",1,1.108,2.78999999999998
"propensity",2,1.101,3.49999999999997
"propensity",3,1.114,3.85999999999996
"propensity",5,1.127,4.25999999999995
"prognostic",1,1.073,5.68999999999992
"prognostic",2,1.083,4.92999999999994
"prognostic",3,1.117,5.58999999999992
"prognostic",5,1.158,7.03999999999989
"mahalanobis",1,1.032,3.35999999999997
"mahalanobis",2,1.123,4.95999999999994
"mahalanobis",3,1.072,5.23999999999993
"mahalanobis",5,1.119,6.19999999999991
"propensity",1,0.817,2.03
"propensity",2,0.73,2.04
"propensity",3,0.808,2.41999999999999
"propensity",5,0.82,2.72999999999999
"prognostic",1,0.913,3.18999999999998
"prognostic",2,0.88,3.93999999999996
"prognostic",3,0.755,3.01999999999998
"prognostic",5,0.795,3.75999999999996
"mahalanobis",1,0.781,2.49999999999999
"mahalanobis",2,0.736,2.64999999999999
"mahalanobis",3,0.728,2.75999999999998
"mahalanobis",5,0.761,3.10999999999998
"propensity",1,1.155,2.80999999999998
"propensity",2,1.12,3.14999999999998
"propensity",3,1.161,3.83999999999996
"propensity",5,1.036,3.54999999999997
"prognostic",1,1.278,4.05999999999996
"prognostic",2,1.088,4.59999999999995
"prognostic",3,1.06,4.51999999999995
"prognostic",5,1.101,6.46999999999991
"mahalanobis",1,1.086,4.10999999999996
"mahalanobis",2,1.094,5.24999999999993
"mahalanobis",3,1.107,5.72999999999992
"mahalanobis",5,1.093,5.94999999999992
"propensity",1,1.048,2.42999999999999
"propensity",2,1.058,2.90999999999998
"propensity",3,1.072,3.42999999999997
"propensity",5,1.067,3.68999999999996
"prognostic",1,1.089,3.39999999999997
"prognostic",2,1,4.04999999999996
"prognostic",3,1.003,5.02999999999994
"prognostic",5,1.021,6.18999999999991
"mahalanobis",1,1.019,3.35999999999997
"mahalanobis",2,1.039,4.20999999999995
"mahalanobis",3,1.038,4.50999999999995
"mahalanobis",5,1.02,5.15999999999993
"propensity",1,1.221,3.26999999999997
"propensity",2,1.04,2.90999999999998
"propensity",3,1.002,3.13999999999998
"propensity",5,1.001,3.36999999999997
"prognostic",1,0.919,2.98999999999998
"prognostic",2,0.979,4.05999999999996
"prognostic",3,1.004,5.26999999999993
"prognostic",5,1.009,5.28999999999993
"mahalanobis",1,1.046,3.78999999999996
"mahalanobis",2,1.089,5.00999999999994
"mahalanobis",3,1.033,4.98999999999994
"mahalanobis",5,1.013,5.52999999999993
"propensity",1,1.193,3.09999999999998
"propensity",2,1.052,3.22999999999997
"propensity",3,1.021,3.56999999999997
"propensity",5,0.992,3.45999999999997
"prognostic",1,0.958,3.10999999999998
"prognostic",2,0.996,3.86999999999996
"prognostic",3,0.875,3.90999999999996
"prognostic",5,0.997,5.60999999999992
"mahalanobis",1,1.08,3.95999999999996
"mahalanobis",2,1.116,4.61999999999995
"mahalanobis",3,1.093,4.98999999999994
"mahalanobis",5,1.027,4.87999999999994
"propensity",1,0.906,2.24
"propensity",2,0.946,2.75999999999998
"propensity",3,1.023,3.41999999999997
"propensity",5,1.043,3.88999999999996
"prognostic",1,0.939,3.20999999999998
"prognostic",2,1.018,4.91999999999994
"prognostic",3,1.005,4.47999999999995
"prognostic",5,1.052,6.47999999999991
"mahalanobis",1,1.061,4.66999999999994
"mahalanobis",2,1.004,5.30999999999993
"mahalanobis",3,1.01,5.20999999999993
"mahalanobis",5,1.056,5.88999999999992
"propensity",1,1.152,2.62999999999999
"propensity",2,1.051,2.89999999999998
"propensity",3,1.057,3.12999999999998
"propensity",5,1.088,3.62999999999997
"prognostic",1,1.234,4.75999999999994
"prognostic",2,1.151,5.76999999999992
"prognostic",3,1.153,6.23999999999991
"prognostic",5,1.104,7.12999999999989
"mahalanobis",1,1.24,5.48999999999993
"mahalanobis",2,1.241,5.97999999999992
"mahalanobis",3,1.171,6.42999999999991
"mahalanobis",5,1.14,6.37999999999991
"propensity",1,1.162,2.69999999999999
"propensity",2,1.15,3.12999999999998
"propensity",3,1.143,3.56999999999997
"propensity",5,1.136,3.89999999999996
"prognostic",1,1.224,4.17999999999995
"prognostic",2,1.056,4.78999999999994
"prognostic",3,1.055,5.05999999999994
"prognostic",5,1.039,5.77999999999992
"mahalanobis",1,1.097,3.32999999999997
"mahalanobis",2,1.069,4.07999999999996
"mahalanobis",3,1.07,4.86999999999994
"mahalanobis",5,1.09,5.50999999999993
"propensity",1,1.187,3.08999999999998
"propensity",2,1.129,3.63999999999997
"propensity",3,1.099,3.83999999999996
"propensity",5,1.076,4.10999999999996
"prognostic",1,1.057,3.67999999999997
"prognostic",2,0.998,4.03999999999996
"prognostic",3,0.983,4.84999999999994
"prognostic",5,1.041,5.93999999999992
"mahalanobis",1,0.81,2.2
"mahalanobis",2,0.931,3.17999999999998
"mahalanobis",3,0.955,3.74999999999996
"mahalanobis",5,0.964,4.35999999999995
