"method","k","estimate","gamma"
"propensity",1,1.048,1.32
"propensity",4,1.169,1.65
"propensity",8,1.2,1.77
"prognostic",1,1.037,3.32999999999997
"prognostic",4,1.174,6.34999999999991
"prognostic",8,1.321,9.52999999999984
"mahalanobis",1,1.53,3.63999999999997
"mahalanobis",4,1.497,4.05999999999996
"mahalanobis",8,1.609,4.46999999999995
"propensity",1,1.426,1.41
"propensity",4,1.326,1.68
"propensity",8,1.205,1.65
"prognostic",1,1.323,5.87999999999992
"prognostic",4,1.216,6.7999999999999
"prognostic",8,1.312,9.95999999999983
"mahalanobis",1,1.704,4.24999999999995
"mahalanobis",4,1.591,4.18999999999995
"mahalanobis",8,1.539,3.94999999999996
"propensity",1,1.217,1.36
"propensity",4,1.092,1.57
"propensity",8,1.394,2.02
"prognostic",1,1.018,3.44999999999997
"prognostic",4,1.122,5.92999999999992
"prognostic",8,1.497,10.7499999999998
"mahalanobis",1,1.431,3.38999999999997
"mahalanobis",4,1.449,3.82999999999996
"mahalanobis",8,1.786,5.68999999999992
"propensity",1,0.731,1.09
"propensity",4,0.993,1.43
"propensity",8,1.152,1.63
"prognostic",1,0.692,1.92
"prognostic",4,1.013,4.72999999999994
"prognostic",8,1.124,7.24999999999989
"mahalanobis",1,1.117,2.47999999999999
"mahalanobis",4,1.307,3.09999999999998
"mahalanobis",8,1.22,2.72999999999999
"propensity",1,1.078,1.16
"propensity",4,1.066,1.38
"propensity",8,1.276,1.74
"prognostic",1,1.106,3.09999999999998
"prognostic",4,1.053,4.95999999999994
"prognostic",8,1.217,7.69999999999988
"mahalanobis",1,1.337,2.74999999999998
"mahalanobis",4,1.523,4.04999999999996
"mahalanobis",8,1.622,4.78999999999994
"propensity",1,1.236,1.3
"propensity",4,0.956,1.24
"propensity",8,1.213,1.59
"prognostic",1,1.184,3.47999999999997
"prognostic",4,0.972,3.96999999999996
"prognostic",8,1.068,5.53999999999993
"mahalanobis",1,0.953,1.81
"mahalanobis",4,1.202,2.55999999999999
"mahalanobis",8,1.242,2.83999999999998
"propensity",1,0.963,1.33
"propensity",4,0.91,1.4
"propensity",8,1.116,1.67
"prognostic",1,0.907,2.72999999999999
"prognostic",4,0.965,4.21999999999995
"prognostic",8,1.174,7.63999999999988
"mahalanobis",1,0.995,2.07
"mahalanobis",4,1.315,3.15999999999998
"mahalanobis",8,1.44,3.91999999999996
"propensity",1,0.86,1.04
"propensity",4,1.216,1.62
"propensity",8,1.335,1.77
"prognostic",1,0.978,3.17999999999998
"prognostic",4,1.248,7.44999999999988
"prognostic",8,1.54,14.4599999999997
"mahalanobis",1,1.585,3.51999999999997
"mahalanobis",4,1.458,3.84999999999996
"mahalanobis",8,1.595,4.30999999999995
"propensity",1,0.56,1
"propensity",4,0.843,1.32
"propensity",8,1.309,1.94
"prognostic",1,0.898,2.41999999999999
"prognostic",4,1.071,5.11999999999993
"prognostic",8,1.445,10.5399999999998
"mahalanobis",1,1.428,3.17999999999998
"mahalanobis",4,1.624,4.56999999999995
"mahalanobis",8,1.763,4.94999999999994
"propensity",1,1.243,1.59
"propensity",4,1.337,1.87
"propensity",8,1.649,2.55999999999999
"prognostic",1,1.201,4.02999999999996
"prognostic",4,1.415,9.04999999999985
"prognostic",8,1.713,16.1599999999997
"mahalanobis",1,1.729,5.07999999999994
"mahalanobis",4,1.687,5.06999999999994
"mahalanobis",8,1.891,6.01999999999992
