"method","k","estimate","gamma"
"propensity",1,0.437,1
"propensity",4,1.154,2.24
"propensity",8,1.605,3.48999999999997
"prognostic",1,0.937,2.75999999999998
"prognostic",4,1.152,5.58999999999992
"prognostic",8,1.781,16.2699999999997
"mahalanobis",1,1.474,3.03999999999998
"mahalanobis",4,2.151,7.73999999999988
"mahalanobis",8,2.393,9.45999999999984
"propensity",1,0.915,1.21
"propensity",4,1.199,1.93
"propensity",8,1.488,2.79999999999998
"prognostic",1,1.043,3.45999999999997
"prognostic",4,1.395,8.08999999999987
"prognostic",8,1.798,15.2099999999997
"mahalanobis",1,1.597,3.32999999999997
"mahalanobis",4,1.786,5.14999999999993
"mahalanobis",8,2.078,7.61999999999988
"propensity",1,0.872,1.29
"propensity",4,1.339,2.14
"propensity",8,1.656,2.79999999999998
"prognostic",1,1.035,2.93999999999998
"prognostic",4,1.307,6.7099999999999
"prognostic",8,1.658,13.2699999999998
"mahalanobis",1,1.838,3.92999999999996
"mahalanobis",4,1.932,5.61999999999992
"mahalanobis",8,2.031,6.7999999999999
"propensity",1,1.154,1.52
"propensity",4,1.235,1.92
"propensity",8,1.533,2.56999999999999
"prognostic",1,0.797,2.13
"prognostic",4,1.071,4.64999999999994
"prognostic",8,1.465,10.5499999999998
"mahalanobis",1,1.533,3.12999999999998
"mahalanobis",4,1.699,4.16999999999995
"mahalanobis",8,1.866,5.38999999999993
"propensity",1,1.232,1.64
"propensity",4,1.174,2.03
"propensity",8,1.692,3.31999999999997
"prognostic",1,1.094,4.29999999999995
"prognostic",4,1.302,7.09999999999989
"prognostic",8,1.9,22.5100000000007
"mahalanobis",1,1.646,3.98999999999996
"mahalanobis",4,1.761,5.36999999999993
"mahalanobis",8,2.154,8.54999999999986
"propensity",1,0.824,1.16
"propensity",4,1.15,1.78
"propensity",8,1.376,2.27
"prognostic",1,1.074,3.48999999999997
"prognostic",4,1.22,7.09999999999989
"prognostic",8,1.583,13.0199999999998
"mahalanobis",1,1.594,3.27999999999997
"mahalanobis",4,1.705,4.80999999999994
"mahalanobis",8,2.008,7.49999999999988
"propensity",1,1.112,1.41
"propensity",4,1.195,1.92
"propensity",8,1.519,2.80999999999998
"prognostic",1,1.406,5.46999999999993
"prognostic",4,1.466,9.10999999999985
"prognostic",8,1.643,17.4399999999999
"mahalanobis",1,1.767,4.38999999999995
"mahalanobis",4,2.074,7.05999999999989
"mahalanobis",8,2.216,9.00999999999985
"propensity",1,0.866,1.23
"propensity",4,1.173,1.95
"propensity",8,1.733,3.17999999999998
"prognostic",1,1.208,4.04999999999996
"prognostic",4,1.394,8.39999999999987
"prognostic",8,1.977,24.370000000001
"mahalanobis",1,1.579,4.00999999999996
"mahalanobis",4,1.964,7.37999999999989
"mahalanobis",8,2.339,11.1199999999998
"propensity",1,1.078,1.58
"propensity",4,1.474,2.52999999999999
"propensity",8,1.801,3.69999999999996
"prognostic",1,1.047,3.64999999999997
"prognostic",4,1.439,8.99999999999985
"prognostic",8,1.96,20.6600000000004
"mahalanobis",1,1.793,5.12999999999993
"mahalanobis",4,1.859,6.19999999999991
"mahalanobis",8,2.234,9.68999999999984
"propensity",1,1.094,1.54
"propensity",4,1.025,1.62
"propensity",8,1.412,2.49999999999999
"prognostic",1,1.099,2.45999999999999
"prognostic",4,1.168,5.67999999999992
"prognostic",8,1.525,11.5599999999998
"mahalanobis",1,1.59,3.36999999999997
"mahalanobis",4,1.774,4.73999999999994
"mahalanobis",8,1.999,6.5399999999999
