"method","k","estimate","gamma"
"propensity",1,0.984,2.14
"propensity",4,1.113,3.43999999999997
"propensity",8,1.5,5.96999999999992
"prognostic",1,1.2,4.35999999999995
"prognostic",4,1.273,9.17999999999985
"prognostic",8,1.721,18.5500000000001
"mahalanobis",1,1.743,3.75999999999996
"mahalanobis",4,1.875,5.35999999999993
"mahalanobis",8,2.214,8.75999999999986
"propensity",1,1.022,2.01
"propensity",4,1.076,2.95999999999998
"propensity",8,1.475,5.01999999999994
"prognostic",1,1.032,2.77999999999998
"prognostic",4,1.232,5.54999999999993
"prognostic",8,1.652,13.9099999999997
"mahalanobis",1,1.415,3.47999999999997
"mahalanobis",4,1.997,6.99999999999989
"mahalanobis",8,2.257,9.18999999999985
"propensity",1,1.235,2.19
"propensity",4,1.189,3.09999999999998
"propensity",8,1.754,6.10999999999991
"prognostic",1,1.068,4.09999999999996
"prognostic",4,1.245,6.36999999999991
"prognostic",8,1.788,15.8299999999997
"mahalanobis",1,1.503,2.95999999999998
"mahalanobis",4,1.994,6.7899999999999
"mahalanobis",8,2.339,10.1699999999998
"propensity",1,1.002,2.66999999999999
"propensity",4,1.131,4.36999999999995
"propensity",8,1.525,7.09999999999989
"prognostic",1,0.827,2.15
"prognostic",4,1.17,5.27999999999993
"prognostic",8,1.682,16.0999999999997
"mahalanobis",1,1.359,2.91999999999998
"mahalanobis",4,1.749,5.62999999999992
"mahalanobis",8,2.219,8.82999999999986
"propensity",1,0.901,2.28999999999999
"propensity",4,1.368,5.89999999999992
"propensity",8,1.933,12.3299999999998
"prognostic",1,1.088,3.09999999999998
"prognostic",4,1.588,12.0899999999998
"prognostic",8,2.128,29.7300000000018
"mahalanobis",1,2.323,7.12999999999989
"mahalanobis",4,2.441,9.57999999999984
"mahalanobis",8,2.756,15.2399999999997
"propensity",1,0.989,2.16
"propensity",4,1.176,4.53999999999995
"propensity",8,2.194,12.9099999999998
"prognostic",1,0.849,2.22
"prognostic",4,1.445,8.47999999999986
"prognostic",8,2.485,34.8000000000016
"mahalanobis",1,1.821,5.25999999999993
"mahalanobis",4,2.373,9.83999999999983
"mahalanobis",8,2.788,16.1899999999997
"propensity",1,1.164,2.61999999999999
"propensity",4,1.13,4.39999999999995
"propensity",8,1.701,9.88999999999983
"prognostic",1,0.962,3.06999999999998
"prognostic",4,1.309,8.18999999999987
"prognostic",8,1.86,19.8200000000003
"mahalanobis",1,1.976,5.60999999999992
"mahalanobis",4,2.101,8.44999999999986
"mahalanobis",8,2.38,13.1999999999998
"propensity",1,0.927,2.35999999999999
"propensity",4,1.26,4.52999999999995
"propensity",8,1.744,8.90999999999985
"prognostic",1,1.03,2.58999999999999
"prognostic",4,1.4,7.11999999999989
"prognostic",8,1.953,17.72
"mahalanobis",1,1.891,4.00999999999996
"mahalanobis",4,2.132,7.46999999999988
"mahalanobis",8,2.599,13.1999999999998
"propensity",1,1.069,2.70999999999999
"propensity",4,1.297,6.02999999999991
"propensity",8,1.904,12.1999999999998
"prognostic",1,1.24,5.53999999999993
"prognostic",4,1.439,9.31999999999985
"prognostic",8,2.072,24.150000000001
"mahalanobis",1,2.323,7.31999999999989
"mahalanobis",4,2.426,11.0599999999998
"mahalanobis",8,2.712,15.6099999999997
"propensity",1,0.817,1.94
"propensity",4,1.167,4.30999999999995
"propensity",8,1.696,9.55999999999984
"prognostic",1,1.229,4.65999999999994
"prognostic",4,1.388,7.17999999999989
"prognostic",8,1.889,20.4900000000004
"mahalanobis",1,1.569,3.61999999999997
"mahalanobis",4,1.994,7.50999999999988
"mahalanobis",8,2.367,11.1999999999998
