"method","k","estimate","gamma"
"propensity",1,1.502,1.75
"propensity",4,1.178,1.8
"propensity",8,1.462,2.52999999999999
"prognostic",1,0.924,2.48999999999999
"prognostic",4,1.182,6.01999999999992
"prognostic",8,1.564,13.7999999999998
"mahalanobis",1,1.524,3.04999999999998
"mahalanobis",4,1.664,5.36999999999993
"mahalanobis",8,1.976,7.17999999999989
"propensity",1,1.061,1.31
"propensity",4,1.184,1.83
"propensity",8,1.404,2.33999999999999
"prognostic",1,0.944,2.68999999999999
"prognostic",4,1.261,6.8599999999999
"prognostic",8,1.529,12.6699999999998
"mahalanobis",1,1.702,3.66999999999997
"mahalanobis",4,1.737,4.86999999999994
"mahalanobis",8,1.971,6.6899999999999
"propensity",1,0.695,1.08
"propensity",4,0.901,1.39
"propensity",8,1.155,1.8
"prognostic",1,0.837,2.47999999999999
"prognostic",4,0.95,3.54999999999997
"prognostic",8,1.279,7.71999999999988
"mahalanobis",1,0.916,1.68
"mahalanobis",4,1.168,2.57999999999999
"mahalanobis",8,1.533,3.89999999999996
"propensity",1,1.194,1.59
"propensity",4,1.268,1.95
"propensity",8,1.528,2.53999999999999
"prognostic",1,1.126,4.65999999999994
"prognostic",4,1.207,7.76999999999988
"prognostic",8,1.615,15.7799999999997
"mahalanobis",1,1.307,2.55999999999999
"mahalanobis",4,1.58,4.24999999999995
"mahalanobis",8,1.915,6.5599999999999
"propensity",1,0.633,1
"propensity",4,0.844,1.28
"propensity",8,1.319,1.92
"prognostic",1,0.83,2.55999999999999
"prognostic",4,1.134,5.77999999999992
"prognostic",8,1.474,10.1299999999998
"mahalanobis",1,1.367,2.44999999999999
"mahalanobis",4,1.549,3.84999999999996
"mahalanobis",8,1.813,5.29999999999993
"propensity",1,1.173,1.53
"propensity",4,1.069,1.74
"propensity",8,1.403,2.45999999999999
"prognostic",1,1.25,4.40999999999995
"prognostic",4,1.223,7.34999999999989
"prognostic",8,1.419,10.6199999999998
"mahalanobis",1,1.542,3.09999999999998
"mahalanobis",4,1.698,4.72999999999994
"mahalanobis",8,1.87,6.03999999999991
"propensity",1,1.32,1.57
"propensity",4,1.146,1.71
"propensity",8,1.614,2.60999999999999
"prognostic",1,1.309,4.40999999999995
"prognostic",4,1.371,8.02999999999987
"prognostic",8,1.784,19.1500000000002
"mahalanobis",1,1.238,2.63999999999999
"mahalanobis",4,1.603,4.79999999999994
"mahalanobis",8,1.895,6.38999999999991
"propensity",1,1.457,1.61
"propensity",4,1.111,1.61
"propensity",8,1.515,2.43999999999999
"prognostic",1,1.025,2.85999999999998
"prognostic",4,1.302,7.01999999999989
"prognostic",8,1.618,14.0999999999997
"mahalanobis",1,1.595,3.55999999999997
"mahalanobis",4,1.776,5.74999999999992
"mahalanobis",8,1.897,6.18999999999991
"propensity",1,1.405,1.55
"propensity",4,0.981,1.38
"propensity",8,1.327,1.91
"prognostic",1,0.899,2.56999999999999
"prognostic",4,0.923,3.86999999999996
"prognostic",8,1.469,12.0899999999998
"mahalanobis",1,1.187,2.33999999999999
"mahalanobis",4,1.353,3.20999999999998
"mahalanobis",8,1.643,4.65999999999994
"propensity",1,1.257,1.44
"propensity",4,1.256,1.85
"propensity",8,1.409,2.27
"prognostic",1,1.057,3.95999999999996
"prognostic",4,1.19,6.8199999999999
"prognostic",8,1.543,11.2099999999998
"mahalanobis",1,1.699,4.10999999999996
"mahalanobis",4,1.941,5.51999999999993
"mahalanobis",8,2.039,7.01999999999989
