"method","k","estimate","gamma"
"propensity",1,1.162,1.49
"propensity",4,1.112,1.69
"propensity",8,1.336,2.13
"prognostic",1,1.026,2.95999999999998
"prognostic",4,1.178,5.71999999999992
"prognostic",8,1.516,11.4099999999998
"mahalanobis",1,1.372,2.67999999999999
"mahalanobis",4,1.443,3.64999999999997
"mahalanobis",8,1.773,4.89999999999994
"propensity",1,0.849,1.06
"propensity",4,0.823,1.27
"propensity",8,1.061,1.62
"prognostic",1,0.788,2.47999999999999
"prognostic",4,0.854,3.87999999999996
"prognostic",8,1.078,6.10999999999991
"mahalanobis",1,1.108,2.05
"mahalanobis",4,1.185,2.88999999999998
"mahalanobis",8,1.383,3.67999999999997
"propensity",1,1.386,1.34
"propensity",4,1.031,1.39
"propensity",8,1.162,1.58
"prognostic",1,0.993,2.75999999999998
"prognostic",4,1.04,4.68999999999994
"prognostic",8,1.257,7.50999999999988
"mahalanobis",1,1.343,2.46999999999999
"mahalanobis",4,1.353,3.25999999999997
"mahalanobis",8,1.482,3.41999999999997
"propensity",1,0.91,1.21
"propensity",4,1.332,2
"propensity",8,1.478,2.38999999999999
"prognostic",1,1.098,3.78999999999996
"prognostic",4,1.334,7.64999999999988
"prognostic",8,1.616,13.7099999999998
"mahalanobis",1,1.916,5.74999999999992
"mahalanobis",4,1.825,5.33999999999993
"mahalanobis",8,1.974,6.08999999999991
"propensity",1,1.339,1.33
"propensity",4,1.116,1.45
"propensity",8,1.048,1.49
"prognostic",1,0.932,2.57999999999999
"prognostic",4,1.019,4.45999999999995
"prognostic",8,1.192,7.23999999999989
"mahalanobis",1,1.147,2.07
"mahalanobis",4,1.32,3.00999999999998
"mahalanobis",8,1.415,3.50999999999997
"propensity",1,0.642,1
"propensity",4,0.802,1.22
"propensity",8,1.004,1.51
"prognostic",1,0.831,2.53999999999999
"prognostic",4,0.927,4.25999999999995
"prognostic",8,1.076,5.55999999999993
"mahalanobis",1,1.435,3.04999999999998
"mahalanobis",4,1.379,3.26999999999997
"mahalanobis",8,1.444,3.61999999999997
"propensity",1,1.212,1.43
"propensity",4,1.212,1.74
"propensity",8,1.68,2.62999999999999
"prognostic",1,1.123,3.49999999999997
"prognostic",4,1.254,6.6499999999999
"prognostic",8,1.751,19.9600000000003
"mahalanobis",1,1.538,3.26999999999997
"mahalanobis",4,1.693,4.84999999999994
"mahalanobis",8,2.029,7.29999999999989
"propensity",1,0.945,1.21
"propensity",4,1.09,1.62
"propensity",8,1.281,1.95
"prognostic",1,1.009,3.26999999999997
"prognostic",4,0.98,5.21999999999993
"prognostic",8,1.281,10.0999999999998
"mahalanobis",1,1.012,2.22
"mahalanobis",4,1.309,3.28999999999997
"mahalanobis",8,1.471,3.97999999999996
"propensity",1,0.961,1.15
"propensity",4,0.931,1.35
"propensity",8,1.408,2.05
"prognostic",1,1.268,3.76999999999996
"prognostic",4,1.21,8.36999999999987
"prognostic",8,1.485,11.5799999999998
"mahalanobis",1,1.561,3.09999999999998
"mahalanobis",4,1.648,5.20999999999993
"mahalanobis",8,1.787,6.00999999999992
"propensity",1,1.399,1.4
"propensity",4,1.128,1.57
"propensity",8,1.561,2.31999999999999
"prognostic",1,1.129,3.91999999999996
"prognostic",4,1.271,6.5899999999999
"prognostic",8,1.612,12.6399999999998
"mahalanobis",1,1.602,3.58999999999997
"mahalanobis",4,1.783,4.33999999999995
"mahalanobis",8,1.922,5.72999999999992
