"method","k","estimate","gamma"
"propensity",1,0.979,2.51999999999999
"propensity",4,0.987,3.33999999999997
"propensity",8,0.963,3.49999999999997
"prognostic",1,1.069,3.45999999999997
"prognostic",4,1.004,5.27999999999993
"prognostic",8,0.957,6.14999999999991
"mahalanobis",1,0.997,2.76999999999998
"mahalanobis",4,1.062,5.30999999999993
"mahalanobis",8,1.074,5.78999999999992
"propensity",1,1.092,2.54999999999999
"propensity",4,1.022,4.03999999999996
"propensity",8,0.945,3.97999999999996
"prognostic",1,0.863,2.94999999999998
"prognostic",4,0.911,3.74999999999996
"prognostic",8,0.957,5.79999999999992
"mahalanobis",1,1.022,2.93999999999998
"mahalanobis",4,1.064,4.86999999999994
"mahalanobis",8,1.118,6.27999999999991
"propensity",1,0.929,1.92
"propensity",4,1.015,3.04999999999998
"propensity",8,1.078,3.82999999999996
"prognostic",1,1.06,2.60999999999999
"prognostic",4,1.062,4.78999999999994
"prognostic",8,1.125,6.17999999999991
"mahalanobis",1,1.06,2.56999999999999
"mahalanobis",4,1.14,5.11999999999993
"mahalanobis",8,1.162,6.16999999999991
"propensity",1,0.696,1.52
"propensity",4,0.859,2.39999999999999
"propensity",8,0.938,2.99999999999998
"prognostic",1,1.099,3.20999999999998
"prognostic",4,1.024,5.14999999999993
"prognostic",8,0.947,4.93999999999994
"mahalanobis",1,1.022,3.31999999999997
"mahalanobis",4,1.065,4.66999999999994
"mahalanobis",8,1.003,4.48999999999995
"propensity",1,1.069,2.44999999999999
"propensity",4,0.936,2.68999999999999
"propensity",8,0.916,2.99999999999998
"prognostic",1,0.898,2.94999999999998
"prognostic",4,0.917,4.23999999999995
"prognostic",8,0.919,4.91999999999994
"mahalanobis",1,1.012,3.46999999999997
"mahalanobis",4,0.866,3.58999999999997
"mahalanobis",8,0.909,4.18999999999995
"propensity",1,1.235,3.24999999999997
"propensity",4,1.111,3.59999999999997
"propensity",8,0.975,3.34999999999997
"prognostic",1,1.27,4.59999999999995
"prognostic",4,1.06,5.10999999999993
"prognostic",8,1.03,6.16999999999991
"mahalanobis",1,1.129,3.89999999999996
"mahalanobis",4,1.061,4.49999999999995
"mahalanobis",8,1.082,5.77999999999992
"propensity",1,1.331,3.17999999999998
"propensity",4,0.946,2.97999999999998
"propensity",8,0.977,3.74999999999996
"prognostic",1,0.983,3.08999999999998
"prognostic",4,1.077,5.86999999999992
"prognostic",8,1.017,5.59999999999992
"mahalanobis",1,0.964,2.90999999999998
"mahalanobis",4,1.001,4.75999999999994
"mahalanobis",8,1.066,5.38999999999993
"propensity",1,1.198,2.69999999999999
"propensity",4,1.076,3.97999999999996
"propensity",8,0.992,3.79999999999996
"prognostic",1,0.995,2.94999999999998
"prognostic",4,1.049,5.60999999999992
"prognostic",8,1.112,7.32999999999989
"mahalanobis",1,1.052,3.55999999999997
"mahalanobis",4,1.244,5.99999999999992
"mahalanobis",8,1.188,6.7399999999999
"propensity",1,0.994,2.50999999999999
"propensity",4,1.126,4.53999999999995
"propensity",8,1.203,5.74999999999992
"prognostic",1,1.12,3.70999999999996
"prognostic",4,1.191,7.51999999999988
"prognostic",8,1.228,9.87999999999983
"mahalanobis",1,1.228,4.59999999999995
"mahalanobis",4,1.319,8.32999999999987
"mahalanobis",8,1.343,9.88999999999983
"propensity",1,0.904,2.68999999999999
"propensity",4,1.037,3.84999999999996
"propensity",8,1.032,4.35999999999995
"prognostic",1,1.19,4.18999999999995
"prognostic",4,1.147,6.7699999999999
"prognostic",8,1.105,7.55999999999988
"mahalanobis",1,1.203,4.87999999999994
"mahalanobis",4,1.204,6.6199999999999
"mahalanobis",8,1.185,7.77999999999988
