"method","k","estimate","gamma"
"propensity",1,0.923,2.23
"propensity",4,1.101,3.89999999999996
"propensity",8,1.11,4.81999999999994
"prognostic",1,1.028,4.01999999999996
"prognostic",4,1.177,6.7099999999999
"prognostic",8,1.136,8.14999999999987
"mahalanobis",1,1.058,3.35999999999997
"mahalanobis",4,1.172,6.25999999999991
"mahalanobis",8,1.158,6.8899999999999
"propensity",1,1.278,3.03999999999998
"propensity",4,1.127,4.12999999999996
"propensity",8,1.061,4.29999999999995
"prognostic",1,0.932,3.40999999999997
"prognostic",4,1.038,5.57999999999992
"prognostic",8,1.092,7.17999999999989
"mahalanobis",1,1.123,3.61999999999997
"mahalanobis",4,1.067,4.88999999999994
"mahalanobis",8,1.135,6.6299999999999
"propensity",1,0.999,2.08
"propensity",4,0.964,3.04999999999998
"propensity",8,0.93,3.17999999999998
"prognostic",1,0.966,2.62999999999999
"prognostic",4,1.012,4.89999999999994
"prognostic",8,0.926,5.45999999999993
"mahalanobis",1,0.9,2.36999999999999
"mahalanobis",4,0.975,4.06999999999996
"mahalanobis",8,0.99,4.86999999999994
"propensity",1,1.118,2.80999999999998
"propensity",4,1.05,3.74999999999996
"propensity",8,1.04,4.39999999999995
"prognostic",1,1.028,3.25999999999997
"prognostic",4,1.111,5.82999999999992
"prognostic",8,1.008,5.63999999999992
"mahalanobis",1,1.067,3.08999999999998
"mahalanobis",4,1.04,4.44999999999995
"mahalanobis",8,1.08,5.37999999999993
"propensity",1,1.194,3.55999999999997
"propensity",4,1.029,4.21999999999995
"propensity",8,1.09,4.99999999999994
"prognostic",1,0.835,2.07
"prognostic",4,1.046,4.64999999999994
"prognostic",8,1.095,6.96999999999989
"mahalanobis",1,0.947,3.13999999999998
"mahalanobis",4,1.043,4.54999999999995
"mahalanobis",8,1.135,6.08999999999991
"propensity",1,1.037,2.67999999999999
"propensity",4,1.181,4.53999999999995
"propensity",8,1.101,4.61999999999995
"prognostic",1,1.114,3.54999999999997
"prognostic",4,1.145,6.14999999999991
"prognostic",8,1.129,6.99999999999989
"mahalanobis",1,1.129,4.44999999999995
"mahalanobis",4,1.227,6.5299999999999
"mahalanobis",8,1.26,7.66999999999988
"propensity",1,0.77,1.81
"propensity",4,0.837,2.46999999999999
"propensity",8,0.864,2.83999999999998
"prognostic",1,0.853,2.24
"prognostic",4,0.901,3.90999999999996
"prognostic",8,0.923,5.00999999999994
"mahalanobis",1,0.941,2.61999999999999
"mahalanobis",4,0.84,3.13999999999998
"mahalanobis",8,0.875,3.85999999999996
"propensity",1,1.066,3.15999999999998
"propensity",4,1.086,4.54999999999995
"propensity",8,1.068,5.07999999999994
"prognostic",1,1.181,4.27999999999995
"prognostic",4,1.024,4.73999999999994
"prognostic",8,1.105,7.50999999999988
"mahalanobis",1,1.098,2.95999999999998
"mahalanobis",4,1.171,5.83999999999992
"mahalanobis",8,1.208,7.18999999999989
"propensity",1,0.834,2.18
"propensity",4,0.776,2.43999999999999
"propensity",8,0.784,2.58999999999999
"prognostic",1,0.728,1.99
"prognostic",4,0.711,2.98999999999998
"prognostic",8,0.768,3.66999999999997
"mahalanobis",1,0.924,2.48999999999999
"mahalanobis",4,0.819,2.94999999999998
"mahalanobis",8,0.874,3.68999999999996
"propensity",1,0.573,1.53
"propensity",4,0.715,2.14
"propensity",8,0.753,2.49999999999999
"prognostic",1,0.709,2.11
"prognostic",4,0.726,3.02999999999998
"prognostic",8,0.737,3.65999999999997
"mahalanobis",1,1.068,3.65999999999997
"mahalanobis",4,0.787,3.41999999999997
"mahalanobis",8,0.771,3.30999999999997
