"method","k","estimate","gamma"
"propensity",1,1.403,3.05999999999998
"propensity",4,1.174,3.61999999999997
"propensity",8,1.143,4.30999999999995
"prognostic",1,1.218,4.64999999999994
"prognostic",4,1.036,5.55999999999993
"prognostic",8,1.092,5.99999999999992
"mahalanobis",1,1.084,2.73999999999999
"mahalanobis",4,1.045,4.60999999999995
"mahalanobis",8,1.091,5.48999999999993
"propensity",1,1.235,3.07999999999998
"propensity",4,1.212,4.61999999999995
"propensity",8,1.132,4.54999999999995
"prognostic",1,1.012,3.13999999999998
"prognostic",4,1.226,7.21999999999989
"prognostic",8,1.119,7.81999999999988
"mahalanobis",1,1.042,3.36999999999997
"mahalanobis",4,1.091,5.44999999999993
"mahalanobis",8,1.142,6.8199999999999
"propensity",1,0.984,2.13
"propensity",4,0.989,3.07999999999998
"propensity",8,1.001,3.64999999999997
"prognostic",1,0.88,2.55999999999999
"prognostic",4,0.918,4.00999999999996
"prognostic",8,0.953,4.91999999999994
"mahalanobis",1,1.013,2.65999999999999
"mahalanobis",4,1.055,4.69999999999994
"mahalanobis",8,1.025,5.30999999999993
"propensity",1,1.063,2.44999999999999
"propensity",4,1.025,3.15999999999998
"propensity",8,1.113,3.92999999999996
"prognostic",1,1.222,4.64999999999994
"prognostic",4,1.175,7.19999999999989
"prognostic",8,1.065,6.04999999999991
"mahalanobis",1,1.014,3.13999999999998
"mahalanobis",4,1.072,4.99999999999994
"mahalanobis",8,1.064,5.68999999999992
"propensity",1,0.978,2.03
"propensity",4,0.983,3.08999999999998
"propensity",8,0.941,3.35999999999997
"prognostic",1,0.87,2.41999999999999
"prognostic",4,0.992,5.22999999999993
"prognostic",8,0.968,5.18999999999993
"mahalanobis",1,0.938,2.67999999999999
"mahalanobis",4,0.921,3.43999999999997
"mahalanobis",8,0.835,3.35999999999997
"propensity",1,1.23,2.96999999999998
"propensity",4,1.08,4.00999999999996
"propensity",8,1.092,4.84999999999994
"prognostic",1,0.919,3.04999999999998
"prognostic",4,1.062,5.76999999999992
"prognostic",8,1.051,6.19999999999991
"mahalanobis",1,1.016,3.37999999999997
"mahalanobis",4,1.12,5.65999999999992
"mahalanobis",8,1.156,7.51999999999988
"propensity",1,0.883,2.02
"propensity",4,1.095,3.57999999999997
"propensity",8,1.042,3.65999999999997
"prognostic",1,1.095,3.57999999999997
"prognostic",4,1.062,4.78999999999994
"prognostic",8,1.038,4.88999999999994
"mahalanobis",1,1.033,3.10999999999998
"mahalanobis",4,0.991,4.40999999999995
"mahalanobis",8,1.039,5.35999999999993
"propensity",1,1.049,2.12
"propensity",4,1.022,3.34999999999997
"propensity",8,1.057,3.72999999999996
"prognostic",1,1.071,3.71999999999996
"prognostic",4,0.958,4.34999999999995
"prognostic",8,1.073,6.7199999999999
"mahalanobis",1,1.108,3.80999999999996
"mahalanobis",4,1.074,4.92999999999994
"mahalanobis",8,0.995,5.17999999999993
"propensity",1,0.985,2.24
"propensity",4,1.102,3.89999999999996
"propensity",8,1.099,4.45999999999995
"prognostic",1,1.055,3.43999999999997
"prognostic",4,1.142,6.15999999999991
"prognostic",8,1.138,7.98999999999987
"mahalanobis",1,0.971,2.70999999999999
"mahalanobis",4,1.129,5.62999999999992
"mahalanobis",8,1.172,7.00999999999989
"propensity",1,0.799,1.69
"propensity",4,0.876,2.64999999999999
"propensity",8,0.88,2.82999999999998
"prognostic",1,0.791,2.54999999999999
"prognostic",4,0.952,3.84999999999996
"prognostic",8,0.983,4.68999999999994
"mahalanobis",1,1.088,2.77999999999998
"mahalanobis",4,1.052,4.25999999999995
"mahalanobis",8,1.044,5.16999999999993
