"method","k","estimate","gamma"
"propensity",1,1.473,4.47999999999995
"propensity",4,1.324,6.5199999999999
"propensity",8,1.366,8.63999999999986
"prognostic",1,1.345,4.44999999999995
"prognostic",4,1.358,7.91999999999987
"prognostic",8,1.395,10.4499999999998
"mahalanobis",1,1.381,4.70999999999994
"mahalanobis",4,1.481,8.77999999999986
"mahalanobis",8,1.475,9.93999999999983
"propensity",1,0.974,2.66999999999999
"propensity",4,1.092,5.20999999999993
"propensity",8,1.121,6.10999999999991
"prognostic",1,1.038,4.07999999999996
"prognostic",4,1.044,5.35999999999993
"prognostic",8,1.05,7.45999999999988
"mahalanobis",1,1.028,2.99999999999998
"mahalanobis",4,1.171,6.19999999999991
"mahalanobis",8,1.213,7.80999999999988
"propensity",1,0.997,3.10999999999998
"propensity",4,1.113,5.26999999999993
"propensity",8,1.122,6.45999999999991
"prognostic",1,1.116,4.00999999999996
"prognostic",4,1.128,6.03999999999991
"prognostic",8,1.136,7.15999999999989
"mahalanobis",1,1.172,3.94999999999996
"mahalanobis",4,1.266,7.15999999999989
"mahalanobis",8,1.315,8.30999999999987
"propensity",1,1.032,2.87999999999998
"propensity",4,0.968,3.58999999999997
"propensity",8,0.91,3.73999999999996
"prognostic",1,0.873,2.39999999999999
"prognostic",4,0.933,3.86999999999996
"prognostic",8,0.899,4.64999999999994
"mahalanobis",1,1.069,3.06999999999998
"mahalanobis",4,1.052,4.72999999999994
"mahalanobis",8,1.053,5.15999999999993
"propensity",1,0.622,1.38
"propensity",4,0.838,2.68999999999999
"propensity",8,0.844,3.15999999999998
"prognostic",1,0.849,2.31999999999999
"prognostic",4,0.788,3.05999999999998
"prognostic",8,0.842,3.81999999999996
"mahalanobis",1,0.856,2.34999999999999
"mahalanobis",4,0.921,3.35999999999997
"mahalanobis",8,0.937,4.00999999999996
"propensity",1,1.263,3.29999999999997
"propensity",4,0.928,2.88999999999998
"propensity",8,0.934,3.32999999999997
"prognostic",1,1.003,3.06999999999998
"prognostic",4,0.998,4.86999999999994
"prognostic",8,0.944,5.42999999999993
"mahalanobis",1,0.76,2.22
"mahalanobis",4,1.002,4.50999999999995
"mahalanobis",8,1.093,6.14999999999991
"propensity",1,0.914,2.19
"propensity",4,0.907,3.31999999999997
"propensity",8,0.929,3.81999999999996
"prognostic",1,0.984,3.72999999999996
"prognostic",4,1.001,4.97999999999994
"prognostic",8,0.981,5.69999999999992
"mahalanobis",1,1.179,3.45999999999997
"mahalanobis",4,1.021,4.49999999999995
"mahalanobis",8,1.028,5.37999999999993
"propensity",1,1.223,3.39999999999997
"propensity",4,1.177,4.81999999999994
"propensity",8,1.214,6.8299999999999
"prognostic",1,1.192,3.02999999999998
"prognostic",4,1.15,5.29999999999993
"prognostic",8,1.294,8.12999999999987
"mahalanobis",1,1.327,4.42999999999995
"mahalanobis",4,1.351,8.02999999999987
"mahalanobis",8,1.354,9.07999999999985
"propensity",1,1.25,3.59999999999997
"propensity",4,1.243,4.98999999999994
"propensity",8,1.204,5.80999999999992
"prognostic",1,1.188,5.26999999999993
"prognostic",4,1.13,6.31999999999991
"prognostic",8,1.213,9.38999999999984
"mahalanobis",1,1.291,6.5599999999999
"mahalanobis",4,1.323,8.36999999999987
"mahalanobis",8,1.316,10.1999999999998
"propensity",1,1.114,3.66999999999997
"propensity",4,0.976,4.15999999999995
"propensity",8,0.988,4.75999999999994
"prognostic",1,0.996,3.17999999999998
"prognostic",4,1.022,5.16999999999993
"prognostic",8,1.022,6.18999999999991
"mahalanobis",1,1.072,3.03999999999998
"mahalanobis",4,1.079,5.44999999999993
"mahalanobis",8,1.152,6.7499999999999
