"method","k","estimate","gamma"
"propensity",1,1.088,2.68999999999999
"propensity",4,1.098,3.28999999999997
"propensity",8,1.138,4.16999999999995
"prognostic",1,1.214,3.46999999999997
"prognostic",4,1.143,6.5399999999999
"prognostic",8,1.094,6.38999999999991
"mahalanobis",1,1.232,4.12999999999996
"mahalanobis",4,1.184,6.43999999999991
"mahalanobis",8,1.127,6.24999999999991
"propensity",1,0.944,2.47999999999999
"propensity",4,0.881,2.92999999999998
"propensity",8,0.9,3.15999999999998
"prognostic",1,0.805,2.51999999999999
"prognostic",4,0.895,4.74999999999994
"prognostic",8,0.864,4.50999999999995
"mahalanobis",1,1.028,3.25999999999997
"mahalanobis",4,0.962,4.04999999999996
"mahalanobis",8,0.994,4.68999999999994
"propensity",1,0.852,1.84
"propensity",4,0.916,2.73999999999999
"propensity",8,0.922,3.16999999999998
"prognostic",1,0.93,2.55999999999999
"prognostic",4,0.929,4.44999999999995
"prognostic",8,0.982,4.79999999999994
"mahalanobis",1,0.993,3.43999999999997
"mahalanobis",4,1.014,4.55999999999995
"mahalanobis",8,1.056,5.37999999999993
"propensity",1,1.225,2.40999999999999
"propensity",4,1.045,3.32999999999997
"propensity",8,0.99,3.38999999999997
"prognostic",1,0.821,2.04
"prognostic",4,0.96,4.21999999999995
"prognostic",8,1.019,6.35999999999991
"mahalanobis",1,1.045,2.68999999999999
"mahalanobis",4,1.016,3.87999999999996
"mahalanobis",8,0.975,4.49999999999995
"propensity",1,1.195,2.73999999999999
"propensity",4,1.1,3.33999999999997
"propensity",8,1.036,3.45999999999997
"prognostic",1,1.257,3.28999999999997
"prognostic",4,1.131,5.64999999999992
"prognostic",8,1.113,7.03999999999989
"mahalanobis",1,1.322,4.67999999999994
"mahalanobis",4,1.205,6.7999999999999
"mahalanobis",8,1.186,7.32999999999989
"propensity",1,0.691,1.42
"propensity",4,0.814,2.32999999999999
"propensity",8,0.929,3.03999999999998
"prognostic",1,1.23,3.70999999999996
"prognostic",4,0.976,3.74999999999996
"prognostic",8,0.926,3.78999999999996
"mahalanobis",1,1.173,3.53999999999997
"mahalanobis",4,1.087,4.28999999999995
"mahalanobis",8,1.081,4.69999999999994
"propensity",1,0.981,1.72
"propensity",4,0.968,2.58999999999999
"propensity",8,0.916,2.81999999999998
"prognostic",1,1.099,4.20999999999995
"prognostic",4,1.035,5.78999999999992
"prognostic",8,1.001,6.6199999999999
"mahalanobis",1,1.015,3.13999999999998
"mahalanobis",4,0.976,4.10999999999996
"mahalanobis",8,0.965,4.32999999999995
"propensity",1,1.102,2.72999999999999
"propensity",4,1.111,4.28999999999995
"propensity",8,1.076,4.76999999999994
"prognostic",1,1.005,3.22999999999997
"prognostic",4,1.05,5.25999999999993
"prognostic",8,1.076,6.6299999999999
"mahalanobis",1,1.011,3.30999999999997
"mahalanobis",4,1.093,4.97999999999994
"mahalanobis",8,1.146,6.46999999999991
"propensity",1,1.074,2.37999999999999
"propensity",4,1.06,3.45999999999997
"propensity",8,1.084,3.69999999999996
"prognostic",1,0.972,3.44999999999997
"prognostic",4,0.988,4.84999999999994
"prognostic",8,1.037,6.7099999999999
"mahalanobis",1,1.171,3.98999999999996
"mahalanobis",4,1.075,5.85999999999992
"mahalanobis",8,1.116,5.92999999999992
"propensity",1,1.237,2.92999999999998
"propensity",4,1.01,3.41999999999997
"propensity",8,1.081,4.22999999999995
"prognostic",1,0.983,3.04999999999998
"prognostic",4,1.037,5.50999999999993
"prognostic",8,1.085,6.6199999999999
"mahalanobis",1,1.167,4.05999999999996
"mahalanobis",4,1.027,4.36999999999995
"mahalanobis",8,1.164,6.25999999999991
