"method","k","estimate","gamma"
"propensity",1,1.067,2.90999999999998
"propensity",4,1.109,4.18999999999995
"propensity",8,1.097,4.74999999999994
"prognostic",1,1.167,4.18999999999995
"prognostic",4,1.074,5.04999999999994
"prognostic",8,1.015,5.69999999999992
"mahalanobis",1,1.146,3.12999999999998
"mahalanobis",4,1.106,4.38999999999995
"mahalanobis",8,1.149,5.69999999999992
"propensity",1,0.971,2.17
"propensity",4,0.989,3.39999999999997
"propensity",8,0.971,3.71999999999996
"prognostic",1,1.096,4.38999999999995
"prognostic",4,1.028,5.84999999999992
"prognostic",8,0.94,5.26999999999993
"mahalanobis",1,0.95,2.96999999999998
"mahalanobis",4,0.983,4.04999999999996
"mahalanobis",8,0.997,4.86999999999994
"propensity",1,1.047,2.58999999999999
"propensity",4,0.989,3.48999999999997
"propensity",8,1.026,4.40999999999995
"prognostic",1,1.002,3.61999999999997
"prognostic",4,1.051,5.51999999999993
"prognostic",8,1.034,6.15999999999991
"mahalanobis",1,1.001,3.32999999999997
"mahalanobis",4,1.099,5.29999999999993
"mahalanobis",8,1.116,6.39999999999991
"propensity",1,0.916,2.02
"propensity",4,0.892,2.65999999999999
"propensity",8,0.906,2.93999999999998
"prognostic",1,0.981,3.20999999999998
"prognostic",4,0.914,3.99999999999996
"prognostic",8,0.945,4.89999999999994
"mahalanobis",1,1.075,3.82999999999996
"mahalanobis",4,0.992,3.94999999999996
"mahalanobis",8,1.01,4.78999999999994
"propensity",1,1.01,2.40999999999999
"propensity",4,0.939,3.07999999999998
"propensity",8,0.917,3.23999999999997
"prognostic",1,0.818,2.87999999999998
"prognostic",4,0.901,4.33999999999995
"prognostic",8,0.933,5.23999999999993
"mahalanobis",1,0.962,2.75999999999998
"mahalanobis",4,1.025,4.65999999999994
"mahalanobis",8,0.985,4.73999999999994
"propensity",1,1.244,3.01999999999998
"propensity",4,1.066,4.06999999999996
"propensity",8,1.084,4.82999999999994
"prognostic",1,0.986,3.57999999999997
"prognostic",4,1.124,5.91999999999992
"prognostic",8,1.108,7.13999999999989
"mahalanobis",1,1.076,3.90999999999996
"mahalanobis",4,1.129,5.58999999999992
"mahalanobis",8,1.2,7.41999999999989
"propensity",1,0.839,2.2
"propensity",4,0.909,3.54999999999997
"propensity",8,0.845,3.24999999999997
"prognostic",1,0.919,2.89999999999998
"prognostic",4,0.908,4.08999999999996
"prognostic",8,0.914,4.99999999999994
"mahalanobis",1,0.78,1.91
"mahalanobis",4,0.951,3.92999999999996
"mahalanobis",8,0.997,4.67999999999994
"propensity",1,1.104,2.55999999999999
"propensity",4,0.964,3.07999999999998
"propensity",8,0.963,3.50999999999997
"prognostic",1,0.853,2.46999999999999
"prognostic",4,1.012,4.54999999999995
"prognostic",8,1.024,6.7199999999999
"mahalanobis",1,0.987,3.10999999999998
"mahalanobis",4,1.053,4.70999999999994
"mahalanobis",8,1.122,6.02999999999991
"propensity",1,1.216,3.37999999999997
"propensity",4,1.21,4.86999999999994
"propensity",8,1.226,6.07999999999991
"prognostic",1,1.162,4.14999999999996
"prognostic",4,1.265,8.54999999999986
"prognostic",8,1.206,9.89999999999983
"mahalanobis",1,1.472,6.29999999999991
"mahalanobis",4,1.353,8.12999999999987
"mahalanobis",8,1.377,10.0799999999998
"propensity",1,0.994,2.18
"propensity",4,0.922,2.90999999999998
"propensity",8,0.939,3.29999999999997
"prognostic",1,0.755,2.07
"prognostic",4,0.951,4.35999999999995
"prognostic",8,0.97,5.64999999999992
"mahalanobis",1,0.97,2.92999999999998
"mahalanobis",4,1.024,4.71999999999994
"mahalanobis",8,1.075,5.85999999999992
