"method","k","estimate","gamma"
"propensity",1,1.379,3.54999999999997
"propensity",4,1.092,3.98999999999996
"propensity",8,1.129,4.54999999999995
"prognostic",1,0.916,2.99999999999998
"prognostic",4,1.15,6.7799999999999
"prognostic",8,1.138,7.58999999999988
"mahalanobis",1,1.177,3.81999999999996
"mahalanobis",4,1.177,5.50999999999993
"mahalanobis",8,1.147,6.5599999999999
"propensity",1,0.968,2.02
"propensity",4,1.032,3.71999999999996
"propensity",8,1.008,3.87999999999996
"prognostic",1,1.031,4.17999999999995
"prognostic",4,0.957,4.57999999999995
"prognostic",8,1.07,7.36999999999989
"mahalanobis",1,1.125,3.15999999999998
"mahalanobis",4,1.192,6.36999999999991
"mahalanobis",8,1.193,7.95999999999987
"propensity",1,1.146,3.21999999999997
"propensity",4,1.098,4.79999999999994
"propensity",8,1.05,4.98999999999994
"prognostic",1,1.072,3.48999999999997
"prognostic",4,1.02,4.77999999999994
"prognostic",8,1.048,6.6599999999999
"mahalanobis",1,1.207,4.45999999999995
"mahalanobis",4,1.078,4.86999999999994
"mahalanobis",8,1.115,6.40999999999991
"propensity",1,0.855,1.97
"propensity",4,0.96,3.56999999999997
"propensity",8,0.956,4.07999999999996
"prognostic",1,1.012,2.66999999999999
"prognostic",4,0.963,4.05999999999996
"prognostic",8,0.973,5.53999999999993
"mahalanobis",1,0.951,3.12999999999998
"mahalanobis",4,1.059,4.70999999999994
"mahalanobis",8,1.104,5.91999999999992
"propensity",1,0.764,1.99
"propensity",4,0.848,3.38999999999997
"propensity",8,0.815,3.51999999999997
"prognostic",1,0.845,2.1
"prognostic",4,0.783,3.06999999999998
"prognostic",8,0.873,4.68999999999994
"mahalanobis",1,0.823,2.58999999999999
"mahalanobis",4,0.926,3.84999999999996
"mahalanobis",8,0.961,4.49999999999995
"propensity",1,1.111,2.86999999999998
"propensity",4,0.96,3.61999999999997
"propensity",8,0.981,4.01999999999996
"prognostic",1,0.941,3.86999999999996
"prognostic",4,0.968,5.04999999999994
"prognostic",8,1.009,6.6199999999999
"mahalanobis",1,1.033,3.46999999999997
"mahalanobis",4,1.072,4.70999999999994
"mahalanobis",8,1.12,6.24999999999991
"propensity",1,1.254,3.55999999999997
"propensity",4,1.17,4.55999999999995
"propensity",8,1.204,6.05999999999991
"prognostic",1,1.175,3.72999999999996
"prognostic",4,1.228,7.56999999999988
"prognostic",8,1.28,8.77999999999986
"mahalanobis",1,1.439,5.04999999999994
"mahalanobis",4,1.365,6.7899999999999
"mahalanobis",8,1.42,9.76999999999984
"propensity",1,0.956,2.65999999999999
"propensity",4,0.932,3.42999999999997
"propensity",8,0.942,3.75999999999996
"prognostic",1,1.066,2.91999999999998
"prognostic",4,0.944,4.39999999999995
"prognostic",8,0.914,4.53999999999995
"mahalanobis",1,0.938,2.49999999999999
"mahalanobis",4,1.062,4.67999999999994
"mahalanobis",8,0.995,4.60999999999995
"propensity",1,0.918,2.01
"propensity",4,1.038,3.45999999999997
"propensity",8,1.08,4.59999999999995
"prognostic",1,1.051,2.85999999999998
"prognostic",4,1.051,4.85999999999994
"prognostic",8,1.006,5.94999999999992
"mahalanobis",1,0.921,2.79999999999998
"mahalanobis",4,1.026,4.43999999999995
"mahalanobis",8,1.079,5.85999999999992
"propensity",1,0.998,2.87999999999998
"propensity",4,1.126,4.40999999999995
"propensity",8,1.162,6.03999999999991
"prognostic",1,1.126,3.85999999999996
"prognostic",4,1.169,6.16999999999991
"prognostic",8,1.17,8.19999999999987
"mahalanobis",1,1.23,3.70999999999996
"mahalanobis",4,1.311,7.49999999999988
"mahalanobis",8,1.364,9.74999999999984
