"method","k","estimate","gamma"
"propensity",1,1.003,2.1
"propensity",4,1.002,3.31999999999997
"propensity",8,1.055,3.82999999999996
"prognostic",1,1.169,4.38999999999995
"prognostic",4,1.124,6.36999999999991
"prognostic",8,1.067,7.11999999999989
"mahalanobis",1,0.682,2.36999999999999
"mahalanobis",4,0.944,4.41999999999995
"mahalanobis",8,0.997,5.23999999999993
"propensity",1,1.076,2.59999999999999
"propensity",4,1.09,3.62999999999997
"propensity",8,1.034,3.59999999999997
"prognostic",1,0.942,2.59999999999999
"prognostic",4,1.02,5.27999999999993
"prognostic",8,1.07,6.7799999999999
"mahalanobis",1,1.174,4.58999999999995
"mahalanobis",4,1.115,5.42999999999993
"mahalanobis",8,1.126,6.39999999999991
"propensity",1,1.123,2.59999999999999
"propensity",4,1.101,3.59999999999997
"propensity",8,1.184,4.58999999999995
"prognostic",1,1.178,4.20999999999995
"prognostic",4,1.196,7.32999999999989
"prognostic",8,1.165,7.99999999999987
"mahalanobis",1,0.979,2.95999999999998
"mahalanobis",4,1.239,6.9399999999999
"mahalanobis",8,1.185,7.09999999999989
"propensity",1,0.753,1.78
"propensity",4,0.901,2.80999999999998
"propensity",8,0.925,3.21999999999997
"prognostic",1,0.983,2.93999999999998
"prognostic",4,0.982,4.62999999999994
"prognostic",8,0.951,5.52999999999993
"mahalanobis",1,1.042,3.49999999999997
"mahalanobis",4,1.035,5.15999999999993
"mahalanobis",8,0.98,5.02999999999994
"propensity",1,0.7,1.84
"propensity",4,0.9,2.92999999999998
"propensity",8,0.937,3.26999999999997
"prognostic",1,0.951,3.34999999999997
"prognostic",4,0.885,3.97999999999996
"prognostic",8,0.958,6.14999999999991
"mahalanobis",1,0.974,4.02999999999996
"mahalanobis",4,0.963,4.01999999999996
"mahalanobis",8,0.996,5.17999999999993
"propensity",1,1.118,2.42999999999999
"propensity",4,1.133,3.20999999999998
"propensity",8,1.148,3.81999999999996
"prognostic",1,1.117,3.35999999999997
"prognostic",4,1.158,5.76999999999992
"prognostic",8,1.103,6.6299999999999
"mahalanobis",1,0.888,2.25
"mahalanobis",4,1.011,4.37999999999995
"mahalanobis",8,1.014,4.78999999999994
"propensity",1,1.133,2.53999999999999
"propensity",4,0.992,3.10999999999998
"propensity",8,0.958,3.31999999999997
"prognostic",1,0.926,3.02999999999998
"prognostic",4,0.977,4.90999999999994
"prognostic",8,0.94,5.49999999999993
"mahalanobis",1,0.905,2.53999999999999
"mahalanobis",4,0.927,4.14999999999996
"mahalanobis",8,0.902,4.21999999999995
"propensity",1,1.039,1.88
"propensity",4,1.007,2.94999999999998
"propensity",8,1.029,3.62999999999997
"prognostic",1,1.039,2.89999999999998
"prognostic",4,1.025,4.48999999999995
"prognostic",8,0.986,5.37999999999993
"mahalanobis",1,0.919,2.42999999999999
"mahalanobis",4,0.95,4.05999999999996
"mahalanobis",8,0.984,5.02999999999994
"propensity",1,0.603,1.36
"propensity",4,0.684,1.94
"propensity",8,0.791,2.55999999999999
"prognostic",1,0.797,2.35999999999999
"prognostic",4,0.863,3.61999999999997
"prognostic",8,0.778,3.77999999999996
"mahalanobis",1,0.9,2.57999999999999
"mahalanobis",4,0.871,3.63999999999997
"mahalanobis",8,0.899,4.31999999999995
"propensity",1,1.041,2.77999999999998
"propensity",4,1.073,4.35999999999995
"propensity",8,1.088,4.91999999999994
"prognostic",1,1.055,3.55999999999997
"prognostic",4,1.094,6.20999999999991
"prognostic",8,1.085,7.18999999999989
"mahalanobis",1,0.929,2.81999999999998
"mahalanobis",4,0.967,4.64999999999994
"mahalanobis",8,0.937,4.56999999999995
