"method","k","estimate","gamma"
"propensity",1,0.914,2.11
"propensity",4,0.976,2.96999999999998
"propensity",8,0.956,3.23999999999997
"prognostic",1,1.025,3.29999999999997
"prognostic",4,1.035,4.92999999999994
"prognostic",8,0.975,5.43999999999993
"mahalanobis",1,1.097,3.33999999999997
"mahalanobis",4,0.999,4.29999999999995
"mahalanobis",8,0.991,4.42999999999995
"propensity",1,0.95,1.86
"propensity",4,0.94,2.68999999999999
"propensity",8,0.934,3.13999999999998
"prognostic",1,0.847,1.98
"prognostic",4,0.962,4.20999999999995
"prognostic",8,0.966,5.33999999999993
"mahalanobis",1,0.926,2.50999999999999
"mahalanobis",4,1.091,4.91999999999994
"mahalanobis",8,1.105,6.03999999999991
"propensity",1,1.252,2.48999999999999
"propensity",4,1.077,3.40999999999997
"propensity",8,1.07,3.94999999999996
"prognostic",1,1.057,3.36999999999997
"prognostic",4,1.099,5.51999999999993
"prognostic",8,1.096,6.10999999999991
"mahalanobis",1,1.09,3.46999999999997
"mahalanobis",4,1.069,4.86999999999994
"mahalanobis",8,1.083,5.83999999999992
"propensity",1,1.291,3.12999999999998
"propensity",4,1.13,4.07999999999996
"propensity",8,1.147,4.65999999999994
"prognostic",1,1.196,4.81999999999994
"prognostic",4,1.136,6.6099999999999
"prognostic",8,1.172,8.79999999999986
"mahalanobis",1,0.99,2.62999999999999
"mahalanobis",4,1.251,6.24999999999991
"mahalanobis",8,1.252,7.83999999999988
"propensity",1,1.369,3.08999999999998
"propensity",4,1.243,4.19999999999995
"propensity",8,1.145,4.16999999999995
"prognostic",1,1.081,3.49999999999997
"prognostic",4,1.102,6.12999999999991
"prognostic",8,1.109,8.14999999999987
"mahalanobis",1,1.211,3.57999999999997
"mahalanobis",4,1.129,5.76999999999992
"mahalanobis",8,1.171,7.61999999999988
"propensity",1,1.137,2.61999999999999
"propensity",4,1.008,3.19999999999998
"propensity",8,0.983,3.56999999999997
"prognostic",1,0.796,2.35999999999999
"prognostic",4,0.946,4.86999999999994
"prognostic",8,1.021,6.27999999999991
"mahalanobis",1,1.051,3.47999999999997
"mahalanobis",4,1.025,4.76999999999994
"mahalanobis",8,1.048,5.82999999999992
"propensity",1,1.267,2.95999999999998
"propensity",4,1.096,3.47999999999997
"propensity",8,1.087,3.82999999999996
"prognostic",1,1.172,3.79999999999996
"prognostic",4,1.055,5.08999999999994
"prognostic",8,1.053,7.21999999999989
"mahalanobis",1,1.141,3.20999999999998
"mahalanobis",4,0.955,4.35999999999995
"mahalanobis",8,1.014,4.96999999999994
"propensity",1,0.899,2.30999999999999
"propensity",4,0.814,2.48999999999999
"propensity",8,0.904,3.22999999999997
"prognostic",1,0.994,3.25999999999997
"prognostic",4,0.897,4.40999999999995
"prognostic",8,0.857,4.23999999999995
"mahalanobis",1,0.93,3.07999999999998
"mahalanobis",4,0.902,4.11999999999996
"mahalanobis",8,0.921,4.43999999999995
"propensity",1,0.931,1.88
"propensity",4,0.878,2.43999999999999
"propensity",8,0.966,3.01999999999998
"prognostic",1,1.037,3.05999999999998
"prognostic",4,0.984,4.61999999999995
"prognostic",8,1.017,5.63999999999992
"mahalanobis",1,0.944,2.53999999999999
"mahalanobis",4,0.978,4.09999999999996
"mahalanobis",8,1.039,5.09999999999993
"propensity",1,1.201,2.53999999999999
"propensity",4,1.258,4.58999999999995
"propensity",8,1.264,5.14999999999993
"prognostic",1,1.33,4.69999999999994
"prognostic",4,1.218,6.6699999999999
"prognostic",8,1.254,7.73999999999988
"mahalanobis",1,1.311,5.21999999999993
"mahalanobis",4,1.312,7.43999999999988
"mahalanobis",8,1.316,9.15999999999985
