"method","k","estimate","gamma"
"propensity",1,1.318,3.09999999999998
"propensity",4,1.27,4.63999999999994
"propensity",8,1.248,5.47999999999993
"prognostic",1,1.061,3.93999999999996
"prognostic",4,1.17,6.13999999999991
"prognostic",8,1.17,7.90999999999987
"mahalanobis",1,1.227,4.24999999999995
"mahalanobis",4,1.136,6.33999999999991
"mahalanobis",8,1.104,5.73999999999992
"propensity",1,1.019,2.19
"propensity",4,1.078,3.60999999999997
"propensity",8,1.042,3.84999999999996
"prognostic",1,0.963,2.86999999999998
"prognostic",4,0.982,4.48999999999995
"prognostic",8,1.008,5.84999999999992
"mahalanobis",1,1.035,3.06999999999998
"mahalanobis",4,1.037,4.76999999999994
"mahalanobis",8,1.012,5.03999999999994
"propensity",1,1.136,2.54999999999999
"propensity",4,0.998,2.87999999999998
"propensity",8,1.017,3.47999999999997
"prognostic",1,1.173,4.87999999999994
"prognostic",4,0.997,5.13999999999993
"prognostic",8,1.011,6.7299999999999
"mahalanobis",1,1.043,3.58999999999997
"mahalanobis",4,0.955,4.36999999999995
"mahalanobis",8,0.993,5.41999999999993
"propensity",1,1.116,3.18999999999998
"propensity",4,0.964,3.22999999999997
"propensity",8,1.031,4.01999999999996
"prognostic",1,0.832,2.82999999999998
"prognostic",4,1.002,5.08999999999994
"prognostic",8,0.99,6.35999999999991
"mahalanobis",1,1.084,4.86999999999994
"mahalanobis",4,1.001,5.75999999999992
"mahalanobis",8,0.958,5.05999999999994
"propensity",1,1.017,2.53999999999999
"propensity",4,1.022,3.50999999999997
"propensity",8,1.112,4.40999999999995
"prognostic",1,1.142,3.83999999999996
"prognostic",4,1.134,6.43999999999991
"prognostic",8,1.132,7.41999999999989
"mahalanobis",1,1.041,4.37999999999995
"mahalanobis",4,1.185,7.18999999999989
"mahalanobis",8,1.18,7.78999999999988
"propensity",1,1.013,2.45999999999999
"propensity",4,1.128,4.07999999999996
"propensity",8,1.164,4.85999999999994
"prognostic",1,1.272,4.26999999999995
"prognostic",4,1.222,7.06999999999989
"prognostic",8,1.256,8.69999999999986
"mahalanobis",1,1.253,4.32999999999995
"mahalanobis",4,1.126,5.34999999999993
"mahalanobis",8,1.191,6.6299999999999
"propensity",1,0.917,1.99
"propensity",4,0.833,2.45999999999999
"propensity",8,0.907,3.00999999999998
"prognostic",1,0.981,3.11999999999998
"prognostic",4,0.902,4.94999999999994
"prognostic",8,0.974,5.75999999999992
"mahalanobis",1,1.044,3.74999999999996
"mahalanobis",4,0.98,4.77999999999994
"mahalanobis",8,0.952,4.65999999999994
"propensity",1,1.049,2.27999999999999
"propensity",4,1.143,3.75999999999996
"propensity",8,1.108,4.18999999999995
"prognostic",1,1.067,3.17999999999998
"prognostic",4,1.083,6.11999999999991
"prognostic",8,1.038,6.7799999999999
"mahalanobis",1,1.026,3.39999999999997
"mahalanobis",4,1.044,5.37999999999993
"mahalanobis",8,1.015,5.71999999999992
"propensity",1,0.844,2.08
"propensity",4,0.768,2.36999999999999
"propensity",8,0.806,2.90999999999998
"prognostic",1,0.557,1.87
"prognostic",4,0.852,3.27999999999997
"prognostic",8,0.805,3.55999999999997
"mahalanobis",1,0.679,1.76
"mahalanobis",4,0.785,2.99999999999998
"mahalanobis",8,0.805,3.34999999999997
"propensity",1,0.992,2
"propensity",4,0.915,2.54999999999999
"propensity",8,0.881,2.70999999999999
"prognostic",1,0.925,2.78999999999998
"prognostic",4,0.895,3.76999999999996
"prognostic",8,0.831,3.81999999999996
"mahalanobis",1,0.89,2.43999999999999
"mahalanobis",4,0.914,3.94999999999996
"mahalanobis",8,0.905,3.93999999999996
