"method","k","estimate","gamma"
"propensity",1,1.339,3.23999999999997
"propensity",4,1.224,3.97999999999996
"propensity",8,1.191,4.39999999999995
"prognostic",1,1.23,4.16999999999995
"prognostic",4,1.213,6.24999999999991
"prognostic",8,1.21,8.12999999999987
"mahalanobis",1,1.351,4.84999999999994
"mahalanobis",4,1.27,5.79999999999992
"mahalanobis",8,1.266,6.9399999999999
"propensity",1,0.875,1.94
"propensity",4,1.065,3.28999999999997
"propensity",8,1.01,3.59999999999997
"prognostic",1,1.16,3.92999999999996
"prognostic",4,1.041,5.17999999999993
"prognostic",8,1.045,6.17999999999991
"mahalanobis",1,1.068,3.60999999999997
"mahalanobis",4,1.037,5.06999999999994
"mahalanobis",8,1.06,5.84999999999992
"propensity",1,0.927,2.30999999999999
"propensity",4,0.884,2.87999999999998
"propensity",8,0.877,3.08999999999998
"prognostic",1,0.857,2.72999999999999
"prognostic",4,0.897,4.33999999999995
"prognostic",8,0.882,4.89999999999994
"mahalanobis",1,0.716,2.19
"mahalanobis",4,0.859,3.58999999999997
"mahalanobis",8,0.892,3.93999999999996
"propensity",1,1.017,2.44999999999999
"propensity",4,0.906,3.17999999999998
"propensity",8,0.932,3.57999999999997
"prognostic",1,0.866,2.57999999999999
"prognostic",4,0.885,4.20999999999995
"prognostic",8,0.947,5.68999999999992
"mahalanobis",1,1.021,3.52999999999997
"mahalanobis",4,1.008,4.52999999999995
"mahalanobis",8,1.031,5.37999999999993
"propensity",1,0.891,1.99
"propensity",4,0.979,2.92999999999998
"propensity",8,0.975,3.26999999999997
"prognostic",1,1.002,3.02999999999998
"prognostic",4,1.017,5.36999999999993
"prognostic",8,1.005,6.31999999999991
"mahalanobis",1,0.843,2.59999999999999
"mahalanobis",4,1.017,4.41999999999995
"mahalanobis",8,1.002,4.79999999999994
"propensity",1,0.69,1.48
"propensity",4,0.863,2.50999999999999
"propensity",8,0.885,2.85999999999998
"prognostic",1,0.835,2.80999999999998
"prognostic",4,0.951,5.33999999999993
"prognostic",8,0.84,4.27999999999995
"mahalanobis",1,0.776,2.37999999999999
"mahalanobis",4,0.889,4.26999999999995
"mahalanobis",8,0.893,4.41999999999995
"propensity",1,1.017,2.15
"propensity",4,0.906,2.71999999999999
"propensity",8,0.948,3.03999999999998
"prognostic",1,0.938,2.82999999999998
"prognostic",4,0.946,3.87999999999996
"prognostic",8,0.929,4.77999999999994
"mahalanobis",1,0.982,3.24999999999997
"mahalanobis",4,0.967,4.14999999999996
"mahalanobis",8,0.877,3.58999999999997
"propensity",1,0.876,2.29999999999999
"propensity",4,0.999,3.21999999999997
"propensity",8,1.028,3.57999999999997
"prognostic",1,0.951,2.90999999999998
"prognostic",4,1.004,5.35999999999993
"prognostic",8,1.027,6.5999999999999
"mahalanobis",1,1.082,3.68999999999996
"mahalanobis",4,1.125,6.40999999999991
"mahalanobis",8,1.097,6.6299999999999
"propensity",1,0.936,2.52999999999999
"propensity",4,1.159,4.84999999999994
"propensity",8,1.151,5.26999999999993
"prognostic",1,1.207,4.68999999999994
"prognostic",4,1.132,6.34999999999991
"prognostic",8,1.117,7.67999999999988
"mahalanobis",1,1.008,3.14999999999998
"mahalanobis",4,1.126,5.09999999999993
"mahalanobis",8,1.226,7.19999999999989
"propensity",1,0.919,2.1
"propensity",4,1.027,3.25999999999997
"propensity",8,0.985,3.45999999999997
"prognostic",1,1.16,3.74999999999996
"prognostic",4,0.992,4.43999999999995
"prognostic",8,0.98,5.46999999999993
"mahalanobis",1,0.891,2.47999999999999
"mahalanobis",4,0.923,4.00999999999996
"mahalanobis",8,0.938,4.31999999999995
