"method","k","estimate","gamma"
"propensity",1,0.917,2.11
"propensity",4,1.015,3.47999999999997
"propensity",8,1.041,4.04999999999996
"prognostic",1,1.141,4.32999999999995
"prognostic",4,1.126,7.09999999999989
"prognostic",8,1.047,6.8999999999999
"mahalanobis",1,1.148,4.15999999999995
"mahalanobis",4,1.092,6.5699999999999
"mahalanobis",8,1.099,6.6599999999999
"propensity",1,1.124,2.63999999999999
"propensity",4,1.262,4.21999999999995
"propensity",8,1.224,5.12999999999993
"prognostic",1,1.215,3.82999999999996
"prognostic",4,1.127,6.7099999999999
"prognostic",8,1.17,8.04999999999987
"mahalanobis",1,1.305,5.57999999999992
"mahalanobis",4,1.21,5.68999999999992
"mahalanobis",8,1.235,7.14999999999989
"propensity",1,1.383,3.87999999999996
"propensity",4,1.206,3.96999999999996
"propensity",8,1.185,4.18999999999995
"prognostic",1,0.987,2.81999999999998
"prognostic",4,1.092,5.25999999999993
"prognostic",8,1.163,7.68999999999988
"mahalanobis",1,1.074,3.08999999999998
"mahalanobis",4,1.061,4.16999999999995
"mahalanobis",8,1.138,5.34999999999993
"propensity",1,0.806,1.72
"propensity",4,0.856,2.32999999999999
"propensity",8,0.84,2.54999999999999
"prognostic",1,0.827,2.46999999999999
"prognostic",4,0.765,2.92999999999998
"prognostic",8,0.801,3.67999999999997
"mahalanobis",1,0.957,2.87999999999998
"mahalanobis",4,0.913,3.76999999999996
"mahalanobis",8,0.855,3.63999999999997
"propensity",1,1.073,2.1
"propensity",4,0.849,2.41999999999999
"propensity",8,0.904,3.03999999999998
"prognostic",1,1.303,4.73999999999994
"prognostic",4,1.007,5.14999999999993
"prognostic",8,0.988,5.59999999999992
"mahalanobis",1,1.127,3.89999999999996
"mahalanobis",4,0.958,3.88999999999996
"mahalanobis",8,0.958,4.63999999999994
"propensity",1,0.949,2.09
"propensity",4,0.804,2.21
"propensity",8,0.844,2.52999999999999
"prognostic",1,0.894,2.82999999999998
"prognostic",4,0.865,3.58999999999997
"prognostic",8,0.873,4.04999999999996
"mahalanobis",1,0.925,2.47999999999999
"mahalanobis",4,1.011,4.51999999999995
"mahalanobis",8,0.928,4.12999999999996
"propensity",1,1.052,2.43999999999999
"propensity",4,0.963,2.95999999999998
"propensity",8,1.002,3.42999999999997
"prognostic",1,1.018,2.96999999999998
"prognostic",4,0.981,4.26999999999995
"prognostic",8,0.977,5.17999999999993
"mahalanobis",1,1.03,2.87999999999998
"mahalanobis",4,0.943,3.81999999999996
"mahalanobis",8,0.908,4.04999999999996
"propensity",1,1.258,2.86999999999998
"propensity",4,1.213,4.43999999999995
"propensity",8,1.202,5.15999999999993
"prognostic",1,1.283,5.11999999999993
"prognostic",4,1.153,5.92999999999992
"prognostic",8,1.187,7.69999999999988
"mahalanobis",1,1.183,3.77999999999996
"mahalanobis",4,1.248,6.45999999999991
"mahalanobis",8,1.297,8.73999999999986
"propensity",1,0.993,1.94
"propensity",4,0.944,2.67999999999999
"propensity",8,0.914,3.08999999999998
"prognostic",1,1.021,3.17999999999998
"prognostic",4,0.882,3.95999999999996
"prognostic",8,0.868,4.12999999999996
"mahalanobis",1,0.888,2.52999999999999
"mahalanobis",4,0.885,3.74999999999996
"mahalanobis",8,0.88,3.90999999999996
"propensity",1,1.059,2.30999999999999
"propensity",4,1.137,4.03999999999996
"propensity",8,1.05,3.98999999999996
"prognostic",1,0.994,3.23999999999997
"prognostic",4,0.977,4.43999999999995
"prognostic",8,1.014,5.58999999999992
"mahalanobis",1,0.942,2.61999999999999
"mahalanobis",4,0.97,4.42999999999995
"mahalanobis",8,1.002,5.23999999999993
