"method","k","estimate","gamma"
"propensity",1,0.57,1.41
"propensity",4,0.695,2.16
"propensity",8,0.795,2.70999999999999
"prognostic",1,0.841,3.19999999999998
"prognostic",4,0.863,3.91999999999996
"prognostic",8,0.822,3.94999999999996
"mahalanobis",1,0.798,2.06
"mahalanobis",4,0.92,3.56999999999997
"mahalanobis",8,1.018,5.09999999999993
"propensity",1,1.153,3.23999999999997
"propensity",4,1.048,3.67999999999997
"propensity",8,1.084,4.41999999999995
"prognostic",1,1.167,3.92999999999996
"prognostic",4,1.139,6.15999999999991
"prognostic",8,1.107,7.29999999999989
"mahalanobis",1,1.091,3.72999999999996
"mahalanobis",4,1.215,6.8199999999999
"mahalanobis",8,1.261,8.21999999999987
"propensity",1,1.143,3.23999999999997
"propensity",4,1.063,3.66999999999997
"propensity",8,1.04,4.19999999999995
"prognostic",1,1.01,3.72999999999996
"prognostic",4,1.081,6.22999999999991
"prognostic",8,1.039,7.29999999999989
"mahalanobis",1,0.867,2.56999999999999
"mahalanobis",4,1.038,4.76999999999994
"mahalanobis",8,1.063,6.16999999999991
"propensity",1,0.753,1.76
"propensity",4,0.95,3.31999999999997
"propensity",8,0.988,4.02999999999996
"prognostic",1,0.923,2.79999999999998
"prognostic",4,1.069,5.20999999999993
"prognostic",8,1.039,5.84999999999992
"mahalanobis",1,0.803,2.91999999999998
"mahalanobis",4,0.959,4.46999999999995
"mahalanobis",8,1.068,5.67999999999992
"propensity",1,0.795,1.69
"propensity",4,1.021,3.20999999999998
"propensity",8,1.081,3.78999999999996
"prognostic",1,1.131,3.91999999999996
"prognostic",4,1.113,7.05999999999989
"prognostic",8,1.044,6.38999999999991
"mahalanobis",1,0.97,3.73999999999996
"mahalanobis",4,0.968,4.84999999999994
"mahalanobis",8,1.026,5.95999999999992
"propensity",1,1.133,2.39999999999999
"propensity",4,1.117,3.29999999999997
"propensity",8,1.018,3.45999999999997
"prognostic",1,0.991,3.52999999999997
"prognostic",4,1.054,6.09999999999991
"prognostic",8,0.973,6.08999999999991
"mahalanobis",1,0.89,2.62999999999999
"mahalanobis",4,1.053,4.92999999999994
"mahalanobis",8,1.017,5.30999999999993
"propensity",1,1.072,2.72999999999999
"propensity",4,1.108,4.11999999999996
"propensity",8,1.09,4.28999999999995
"prognostic",1,1.197,4.64999999999994
"prognostic",4,1.113,5.89999999999992
"prognostic",8,1.11,7.38999999999989
"mahalanobis",1,1.065,2.85999999999998
"mahalanobis",4,1.116,5.68999999999992
"mahalanobis",8,1.152,6.9599999999999
"propensity",1,0.882,1.93
"propensity",4,0.917,3.05999999999998
"propensity",8,0.935,3.45999999999997
"prognostic",1,0.931,2.84999999999998
"prognostic",4,1.03,5.00999999999994
"prognostic",8,1.002,5.13999999999993
"mahalanobis",1,0.973,2.57999999999999
"mahalanobis",4,1.14,5.61999999999992
"mahalanobis",8,1.147,6.5499999999999
"propensity",1,1.141,2.44999999999999
"propensity",4,1.099,3.43999999999997
"propensity",8,1.137,4.15999999999995
"prognostic",1,1.265,5.47999999999993
"prognostic",4,1.175,6.02999999999991
"prognostic",8,1.179,7.67999999999988
"mahalanobis",1,1.162,3.34999999999997
"mahalanobis",4,1.267,6.27999999999991
"mahalanobis",8,1.269,7.24999999999989
"propensity",1,0.592,1.48
"propensity",4,0.887,2.60999999999999
"propensity",8,0.849,2.83999999999998
"prognostic",1,0.889,3.08999999999998
"prognostic",4,0.868,4.10999999999996
"prognostic",8,0.891,4.51999999999995
"mahalanobis",1,0.96,3.08999999999998
"mahalanobis",4,0.975,4.30999999999995
"mahalanobis",8,0.98,5.00999999999994
