"method","k","estimate","gamma"
"propensity",1,1.121,2.95999999999998
"propensity",4,1.169,4.84999999999994
"propensity",8,1.12,4.88999999999994
"prognostic",1,1.23,4.27999999999995
"prognostic",4,1.118,6.37999999999991
"prognostic",8,1.129,7.61999999999988
"mahalanobis",1,1.226,3.94999999999996
"mahalanobis",4,1.291,6.9599999999999
"mahalanobis",8,1.253,8.07999999999987
"propensity",1,0.95,2.30999999999999
"propensity",4,1.054,4.05999999999996
"propensity",8,1.027,4.52999999999995
"prognostic",1,0.935,2.68999999999999
"prognostic",4,1.081,5.49999999999993
"prognostic",8,1.086,6.22999999999991
"mahalanobis",1,0.941,2.74999999999998
"mahalanobis",4,1.102,4.70999999999994
"mahalanobis",8,1.081,5.19999999999993
"propensity",1,1.073,2.19
"propensity",4,1.058,3.50999999999997
"propensity",8,1.082,4.29999999999995
"prognostic",1,1.121,3.45999999999997
"prognostic",4,1.006,4.45999999999995
"prognostic",8,1.074,6.8199999999999
"mahalanobis",1,0.991,2.35999999999999
"mahalanobis",4,1.162,5.15999999999993
"mahalanobis",8,1.181,6.27999999999991
"propensity",1,0.96,2.78999999999998
"propensity",4,1.061,4.73999999999994
"propensity",8,1.027,4.79999999999994
"prognostic",1,1.146,4.00999999999996
"prognostic",4,1.012,5.49999999999993
"prognostic",8,1.012,6.5499999999999
"mahalanobis",1,1.126,4.66999999999994
"mahalanobis",4,1.11,5.63999999999992
"mahalanobis",8,1.156,6.7299999999999
"propensity",1,1.153,3.51999999999997
"propensity",4,1.026,4.32999999999995
"propensity",8,0.99,4.28999999999995
"prognostic",1,0.863,2.49999999999999
"prognostic",4,0.986,4.52999999999995
"prognostic",8,0.952,5.26999999999993
"mahalanobis",1,1.079,3.14999999999998
"mahalanobis",4,1.079,4.79999999999994
"mahalanobis",8,1.092,5.58999999999992
"propensity",1,1.077,2.34999999999999
"propensity",4,1.166,4.01999999999996
"propensity",8,1.18,4.83999999999994
"prognostic",1,1.065,3.21999999999997
"prognostic",4,1.11,5.73999999999992
"prognostic",8,1.061,6.5799999999999
"mahalanobis",1,1.086,3.50999999999997
"mahalanobis",4,1.146,6.05999999999991
"mahalanobis",8,1.17,6.8499999999999
"propensity",1,0.937,2.78999999999998
"propensity",4,0.963,4.11999999999996
"propensity",8,0.902,4.41999999999995
"prognostic",1,0.966,3.57999999999997
"prognostic",4,0.823,3.65999999999997
"prognostic",8,0.949,5.01999999999994
"mahalanobis",1,0.958,2.89999999999998
"mahalanobis",4,0.948,4.44999999999995
"mahalanobis",8,1.095,5.90999999999992
"propensity",1,0.894,2.80999999999998
"propensity",4,0.974,3.78999999999996
"propensity",8,1.01,4.59999999999995
"prognostic",1,0.885,2.94999999999998
"prognostic",4,1.038,5.04999999999994
"prognostic",8,1.06,6.23999999999991
"mahalanobis",1,1.229,4.41999999999995
"mahalanobis",4,1.135,5.88999999999992
"mahalanobis",8,1.172,6.5199999999999
"propensity",1,1.076,3.49999999999997
"propensity",4,1.147,5.66999999999992
"propensity",8,1.214,7.65999999999988
"prognostic",1,1.042,4.39999999999995
"prognostic",4,1.108,6.6299999999999
"prognostic",8,1.249,9.37999999999984
"mahalanobis",1,1.281,6.25999999999991
"mahalanobis",4,1.24,6.8899999999999
"mahalanobis",8,1.366,10.3899999999998
"propensity",1,1.323,3.13999999999998
"propensity",4,1.205,4.27999999999995
"propensity",8,1.145,4.45999999999995
"prognostic",1,1.134,4.36999999999995
"prognostic",4,1.19,6.03999999999991
"prognostic",8,1.175,7.21999999999989
"mahalanobis",1,1.176,3.68999999999996
"mahalanobis",4,1.195,5.83999999999992
"mahalanobis",8,1.243,7.00999999999989
