"method","k","estimate","gamma"
"propensity",1,0.775,1.79
"propensity",4,0.89,2.71999999999999
"propensity",8,0.876,2.89999999999998
"prognostic",1,0.974,3.34999999999997
"prognostic",4,0.874,4.09999999999996
"prognostic",8,0.857,4.06999999999996
"mahalanobis",1,0.879,2.44999999999999
"mahalanobis",4,0.868,3.63999999999997
"mahalanobis",8,0.857,3.89999999999996
"propensity",1,1.101,2.54999999999999
"propensity",4,1.21,4.63999999999994
"propensity",8,1.296,6.02999999999991
"prognostic",1,1.091,4.38999999999995
"prognostic",4,1.262,8.37999999999987
"prognostic",8,1.325,11.8099999999998
"mahalanobis",1,1.399,5.95999999999992
"mahalanobis",4,1.327,7.90999999999987
"mahalanobis",8,1.335,9.36999999999984
"propensity",1,0.743,1.59
"propensity",4,1.033,3.04999999999998
"propensity",8,1.15,4.32999999999995
"prognostic",1,1.119,3.67999999999997
"prognostic",4,1.154,6.21999999999991
"prognostic",8,1.168,6.7799999999999
"mahalanobis",1,1.293,3.66999999999997
"mahalanobis",4,1.22,5.54999999999993
"mahalanobis",8,1.206,6.9499999999999
"propensity",1,1.058,2.04
"propensity",4,1.121,3.28999999999997
"propensity",8,1.136,4.04999999999996
"prognostic",1,1.114,3.55999999999997
"prognostic",4,1.066,4.74999999999994
"prognostic",8,1.133,6.5799999999999
"mahalanobis",1,1.234,4.07999999999996
"mahalanobis",4,1.227,6.40999999999991
"mahalanobis",8,1.152,5.68999999999992
"propensity",1,0.907,1.98
"propensity",4,0.971,2.89999999999998
"propensity",8,0.954,3.25999999999997
"prognostic",1,0.976,2.90999999999998
"prognostic",4,0.974,4.87999999999994
"prognostic",8,0.965,5.66999999999992
"mahalanobis",1,1.132,3.66999999999997
"mahalanobis",4,0.945,4.37999999999995
"mahalanobis",8,0.967,4.85999999999994
"propensity",1,0.917,1.97
"propensity",4,0.764,2.21
"propensity",8,0.793,2.51999999999999
"prognostic",1,1.049,3.14999999999998
"prognostic",4,0.773,2.93999999999998
"prognostic",8,0.721,2.97999999999998
"mahalanobis",1,0.69,1.85
"mahalanobis",4,0.727,2.61999999999999
"mahalanobis",8,0.743,2.90999999999998
"propensity",1,1.028,2.47999999999999
"propensity",4,1.065,3.60999999999997
"propensity",8,1.066,3.65999999999997
"prognostic",1,0.958,2.51999999999999
"prognostic",4,1.14,4.98999999999994
"prognostic",8,1.126,6.5499999999999
"mahalanobis",1,1.084,3.33999999999997
"mahalanobis",4,1.11,4.78999999999994
"mahalanobis",8,1.18,6.19999999999991
"propensity",1,1.242,2.81999999999998
"propensity",4,1.147,3.49999999999997
"propensity",8,1.165,4.12999999999996
"prognostic",1,1.116,2.83999999999998
"prognostic",4,1.047,4.76999999999994
"prognostic",8,1.185,7.56999999999988
"mahalanobis",1,0.97,2.90999999999998
"mahalanobis",4,1.093,4.94999999999994
"mahalanobis",8,1.061,5.62999999999992
"propensity",1,0.97,1.75
"propensity",4,0.902,2.47999999999999
"propensity",8,0.864,2.54999999999999
"prognostic",1,0.922,2.89999999999998
"prognostic",4,0.868,3.56999999999997
"prognostic",8,0.911,4.48999999999995
"mahalanobis",1,0.93,3.26999999999997
"mahalanobis",4,0.893,3.74999999999996
"mahalanobis",8,0.914,4.20999999999995
"propensity",1,0.699,1.56
"propensity",4,0.769,2.36999999999999
"propensity",8,0.794,2.66999999999999
"prognostic",1,0.811,2.36999999999999
"prognostic",4,0.842,3.86999999999996
"prognostic",8,0.824,4.09999999999996
"mahalanobis",1,0.652,1.81
"mahalanobis",4,0.799,3.05999999999998
"mahalanobis",8,0.778,3.16999999999998
