"method","k","estimate","gamma"
"propensity",1,1.219,4.57999999999995
"propensity",2,1.153,4.99999999999994
"propensity",3,1.186,6.00999999999992
"propensity",4,1.106,5.46999999999993
"propensity",5,1.13,5.76999999999992
"propensity",6,1.143,6.26999999999991
"propensity",7,1.145,6.6299999999999
"propensity",8,1.132,7.01999999999989
"propensity",9,1.132,7.25999999999989
"propensity",10,1.133,7.56999999999988
"prognostic",1,1.028,3.52999999999997
"prognostic",2,1.155,5.75999999999992
"prognostic",3,1.175,5.95999999999992
"prognostic",4,1.105,6.22999999999991
"prognostic",5,1.117,6.5399999999999
"prognostic",6,1.105,6.9099999999999
"prognostic",7,1.104,7.31999999999989
"prognostic",8,1.139,7.10999999999989
"prognostic",9,1.11,7.02999999999989
"prognostic",10,1.154,8.58999999999986
"mahalanobis",1,1.123,4.21999999999995
"mahalanobis",2,1.148,4.81999999999994
"mahalanobis",3,1.227,6.48999999999991
"mahalanobis",4,1.236,7.45999999999988
"mahalanobis",5,1.261,8.54999999999986
"mahalanobis",6,1.277,8.42999999999986
"mahalanobis",7,1.268,8.92999999999985
"mahalanobis",8,1.261,9.21999999999985
"mahalanobis",9,1.28,9.67999999999984
"mahalanobis",10,1.278,9.38999999999984
