"method","k","estimate","gamma"
"propensity",1,1.159,3.20999999999998
"propensity",2,1.198,3.91999999999996
"propensity",3,1.218,4.50999999999995
"propensity",4,1.153,4.49999999999995
"propensity",5,1.174,4.69999999999994
"propensity",6,1.138,4.75999999999994
"propensity",7,1.151,5.04999999999994
"propensity",8,1.171,5.40999999999993
"propensity",9,1.182,5.47999999999993
"propensity",10,1.17,5.58999999999992
"prognostic",1,1.043,3.29999999999997
"prognostic",2,1.173,5.53999999999993
"prognostic",3,1.173,5.71999999999992
"prognostic",4,1.134,5.35999999999993
"prognostic",5,1.252,6.5799999999999
"prognostic",6,1.265,9.13999999999985
"prognostic",7,1.256,8.45999999999986
"prognostic",8,1.206,7.53999999999988
"prognostic",9,1.243,8.07999999999987
"prognostic",10,1.252,9.29999999999985
"mahalanobis",1,1.583,6.13999999999991
"mahalanobis",2,1.511,6.6699999999999
"mahalanobis",3,1.451,6.9199999999999
"mahalanobis",4,1.377,6.97999999999989
"mahalanobis",5,1.366,7.46999999999988
"mahalanobis",6,1.396,8.02999999999987
"mahalanobis",7,1.351,7.60999999999988
"mahalanobis",8,1.341,7.79999999999988
"mahalanobis",9,1.363,7.96999999999987
"mahalanobis",10,1.36,8.10999999999987
