"method","k","estimate","gamma"
"propensity",1,1.027,2.22
"propensity",2,0.989,2.57999999999999
"propensity",3,0.965,2.68999999999999
"propensity",4,0.966,2.98999999999998
"propensity",5,1.054,3.69999999999996
"propensity",6,1.076,3.90999999999996
"propensity",7,1.084,3.90999999999996
"propensity",8,1.087,4.06999999999996
"propensity",9,1.107,4.32999999999995
"propensity",10,1.108,4.37999999999995
"prognostic",1,0.993,2.67999999999999
"prognostic",2,1.116,4.76999999999994
"prognostic",3,1.054,4.27999999999995
"prognostic",4,0.961,3.74999999999996
"prognostic",5,1.045,5.47999999999993
"prognostic",6,1.054,5.53999999999993
"prognostic",7,1.055,5.17999999999993
"prognostic",8,1.074,6.16999999999991
"prognostic",9,1.105,6.28999999999991
"prognostic",10,1.128,7.07999999999989
"mahalanobis",1,0.909,2.81999999999998
"mahalanobis",2,1.002,3.39999999999997
"mahalanobis",3,1.063,4.22999999999995
"mahalanobis",4,1.16,5.11999999999993
"mahalanobis",5,1.182,5.89999999999992
"mahalanobis",6,1.17,5.80999999999992
"mahalanobis",7,1.127,5.53999999999993
"mahalanobis",8,1.133,5.73999999999992
"mahalanobis",9,1.168,6.24999999999991
"mahalanobis",10,1.167,6.5199999999999
