"method","k","estimate","gamma"
"propensity",1,1.178,2.64999999999999
"propensity",2,1.271,3.48999999999997
"propensity",3,1.181,3.65999999999997
"propensity",4,1.186,4.06999999999996
"propensity",5,1.18,4.18999999999995
"propensity",6,1.165,4.08999999999996
"propensity",7,1.184,4.25999999999995
"propensity",8,1.168,4.35999999999995
"propensity",9,1.138,4.26999999999995
"propensity",10,1.146,4.36999999999995
"prognostic",1,1.09,3.90999999999996
"prognostic",2,1.174,5.57999999999992
"prognostic",3,1.15,5.62999999999992
"prognostic",4,1.251,7.89999999999988
"prognostic",5,1.112,7.16999999999989
"prognostic",6,1.157,7.66999999999988
"prognostic",7,1.169,8.86999999999986
"prognostic",8,1.128,7.35999999999989
"prognostic",9,1.138,7.84999999999988
"prognostic",10,1.14,7.60999999999988
"mahalanobis",1,1.145,3.73999999999996
"mahalanobis",2,1.11,4.00999999999996
"mahalanobis",3,1.083,4.36999999999995
"mahalanobis",4,1.113,5.05999999999994
"mahalanobis",5,1.102,5.51999999999993
"mahalanobis",6,1.094,5.57999999999992
"mahalanobis",7,1.067,5.39999999999993
"mahalanobis",8,1.092,5.84999999999992
"mahalanobis",9,1.09,6.16999999999991
"mahalanobis",10,1.106,6.40999999999991
