"method","k","estimate","gamma"
"propensity",1,0.894,1.86
"propensity",2,0.832,2.06
"propensity",3,0.89,2.53999999999999
"propensity",4,0.93,2.84999999999998
"propensity",5,0.909,2.69999999999999
"propensity",6,0.937,2.83999999999998
"propensity",7,0.947,2.99999999999998
"propensity",8,0.928,2.92999999999998
"propensity",9,0.938,3.08999999999998
"propensity",10,0.927,3.00999999999998
"prognostic",1,0.959,3.96999999999996
"prognostic",2,0.967,3.72999999999996
"prognostic",3,0.919,3.52999999999997
"prognostic",4,0.88,3.72999999999996
"prognostic",5,0.949,4.63999999999994
"prognostic",6,0.929,4.32999999999995
"prognostic",7,0.951,4.99999999999994
"prognostic",8,0.996,5.34999999999993
"prognostic",9,0.977,5.43999999999993
"prognostic",10,0.948,5.24999999999993
"mahalanobis",1,1.072,3.19999999999998
"mahalanobis",2,1.024,3.46999999999997
"mahalanobis",3,1.021,4.22999999999995
"mahalanobis",4,1.003,4.43999999999995
"mahalanobis",5,1.018,4.53999999999995
"mahalanobis",6,1.036,4.82999999999994
"mahalanobis",7,1.018,4.62999999999994
"mahalanobis",8,1.019,4.93999999999994
"mahalanobis",9,1.007,4.79999999999994
"mahalanobis",10,1,4.83999999999994
