"method","k","estimate","gamma"
"propensity",1,1.038,2.31999999999999
"propensity",2,0.993,2.87999999999998
"propensity",3,0.995,3.22999999999997
"propensity",4,0.981,3.53999999999997
"propensity",5,0.991,3.70999999999996
"propensity",6,0.989,3.77999999999996
"propensity",7,0.945,3.54999999999997
"propensity",8,0.976,3.95999999999996
"propensity",9,0.996,4.10999999999996
"propensity",10,1.01,4.11999999999996
"prognostic",1,0.902,2.96999999999998
"prognostic",2,1.003,4.36999999999995
"prognostic",3,0.973,4.33999999999995
"prognostic",4,1.004,5.70999999999992
"prognostic",5,0.993,5.66999999999992
"prognostic",6,0.998,6.18999999999991
"prognostic",7,1.035,6.43999999999991
"prognostic",8,1.034,6.6199999999999
"prognostic",9,1.064,6.8699999999999
"prognostic",10,1.066,7.02999999999989
"mahalanobis",1,1.015,3.80999999999996
"mahalanobis",2,0.951,4.06999999999996
"mahalanobis",3,1,5.14999999999993
"mahalanobis",4,1.045,6.00999999999992
"mahalanobis",5,1.059,6.46999999999991
"mahalanobis",6,1.061,6.40999999999991
"mahalanobis",7,1.062,6.43999999999991
"mahalanobis",8,1.04,5.79999999999992
"mahalanobis",9,1.075,6.13999999999991
"mahalanobis",10,1.111,6.7299999999999
