"method","k","estimate","gamma"
"propensity",1,1.144,2.36999999999999
"propensity",2,1.016,2.59999999999999
"propensity",3,0.991,2.85999999999998
"propensity",4,0.975,2.95999999999998
"propensity",5,0.943,3.13999999999998
"propensity",6,0.893,2.91999999999998
"propensity",7,0.911,3.08999999999998
"propensity",8,0.917,3.23999999999997
"propensity",9,0.934,3.32999999999997
"propensity",10,0.933,3.38999999999997
"prognostic",1,0.848,2.25
"prognostic",2,0.959,3.65999999999997
"prognostic",3,0.961,3.96999999999996
"prognostic",4,0.925,3.98999999999996
"prognostic",5,0.926,4.45999999999995
"prognostic",6,0.958,4.62999999999994
"prognostic",7,0.91,5.02999999999994
"prognostic",8,0.943,4.86999999999994
"prognostic",9,0.989,6.5299999999999
"prognostic",10,0.952,4.73999999999994
"mahalanobis",1,0.975,2.44999999999999
"mahalanobis",2,0.969,2.92999999999998
"mahalanobis",3,0.952,3.37999999999997
"mahalanobis",4,0.998,4.11999999999996
"mahalanobis",5,0.991,4.31999999999995
"mahalanobis",6,0.982,4.39999999999995
"mahalanobis",7,1.003,4.78999999999994
"mahalanobis",8,1.009,5.14999999999993
"mahalanobis",9,0.999,4.96999999999994
"mahalanobis",10,1.005,5.04999999999994
