"method","k","estimate","gamma"
"propensity",1,1.137,2.60999999999999
"propensity",2,1.081,3.23999999999997
"propensity",3,1.067,3.59999999999997
"propensity",4,1.102,4.09999999999996
"propensity",5,1.106,4.46999999999995
"propensity",6,1.109,4.67999999999994
"propensity",7,1.114,4.84999999999994
"propensity",8,1.123,5.17999999999993
"propensity",9,1.15,5.41999999999993
"propensity",10,1.196,5.70999999999992
"prognostic",1,1.244,4.12999999999996
"prognostic",2,1.142,4.49999999999995
"prognostic",3,1.147,5.27999999999993
"prognostic",4,1.148,6.33999999999991
"prognostic",5,1.145,6.5799999999999
"prognostic",6,1.133,6.9599999999999
"prognostic",7,1.139,7.10999999999989
"prognostic",8,1.138,7.54999999999988
"prognostic",9,1.191,7.93999999999987
"prognostic",10,1.228,8.90999999999985
"mahalanobis",1,1.051,2.93999999999998
"mahalanobis",2,1.211,4.75999999999994
"mahalanobis",3,1.218,5.59999999999992
"mahalanobis",4,1.229,5.86999999999992
"mahalanobis",5,1.263,6.6999999999999
"mahalanobis",6,1.279,7.31999999999989
"mahalanobis",7,1.279,7.89999999999988
"mahalanobis",8,1.309,8.39999999999987
"mahalanobis",9,1.309,8.55999999999986
"mahalanobis",10,1.325,8.59999999999986
