"method","k","estimate","gamma"
"propensity",1,1.076,2.28999999999999
"propensity",2,1.037,2.83999999999998
"propensity",3,0.96,2.85999999999998
"propensity",4,0.997,3.21999999999997
"propensity",5,1.012,3.38999999999997
"propensity",6,1.008,3.63999999999997
"propensity",7,0.976,3.51999999999997
"propensity",8,0.978,3.62999999999997
"propensity",9,0.99,3.76999999999996
"propensity",10,1.008,3.95999999999996
"prognostic",1,1.03,3.76999999999996
"prognostic",2,1.003,3.51999999999997
"prognostic",3,1.012,4.44999999999995
"prognostic",4,1.046,4.94999999999994
"prognostic",5,1.007,5.66999999999992
"prognostic",6,1.017,5.55999999999993
"prognostic",7,0.957,4.58999999999995
"prognostic",8,0.973,5.61999999999992
"prognostic",9,1.004,6.08999999999991
"prognostic",10,0.998,5.93999999999992
"mahalanobis",1,1.147,3.48999999999997
"mahalanobis",2,1.182,4.73999999999994
"mahalanobis",3,1.146,4.87999999999994
"mahalanobis",4,1.11,5.04999999999994
"mahalanobis",5,1.064,4.94999999999994
"mahalanobis",6,1.079,5.32999999999993
"mahalanobis",7,1.078,5.54999999999993
"mahalanobis",8,1.089,6.01999999999992
"mahalanobis",9,1.08,5.93999999999992
"mahalanobis",10,1.079,5.73999999999992
