"method","k","estimate","gamma"
"propensity",1,0.992,1.65
"propensity",2,0.941,2.13
"propensity",3,0.987,2.76999999999998
"propensity",4,1.151,3.76999999999996
"propensity",5,1.128,3.44999999999997
"propensity",6,1.027,2.79999999999998
"propensity",7,1.075,3.14999999999998
"propensity",8,1.048,3.16999999999998
"propensity",9,1.007,3.01999999999998
"propensity",10,0.992,2.79999999999998
"prognostic",1,1.079,2.03
"prognostic",2,1.287,4.14999999999996
"prognostic",3,0.967,2.86999999999998
"prognostic",4,1.051,4.18999999999995
"prognostic",5,1.074,4.70999999999994
"prognostic",6,0.949,2.81999999999998
"prognostic",7,0.978,3.22999999999997
"prognostic",8,1.033,3.88999999999996
"prognostic",9,0.984,4.55999999999995
"prognostic",10,1.009,3.79999999999996
"mahalanobis",1,0.867,2.04
"mahalanobis",2,0.878,2.45999999999999
"mahalanobis",3,0.951,2.93999999999998
"mahalanobis",4,0.875,2.43999999999999
"mahalanobis",5,0.911,2.75999999999998
"mahalanobis",6,0.966,3.03999999999998
"mahalanobis",7,0.972,3.13999999999998
"mahalanobis",8,1.022,3.46999999999997
"mahalanobis",9,1.047,3.72999999999996
"mahalanobis",10,1.08,3.92999999999996
"propensity",1,0.885,1.28
"propensity",2,0.762,1.53
"propensity",3,0.775,1.46
"propensity",4,0.764,1.54
"propensity",5,0.756,1.56
"propensity",6,0.768,1.6
"propensity",7,0.86,1.89
"propensity",8,0.918,2.05
"propensity",9,0.915,2.05
"propensity",10,0.944,2.15
"prognostic",1,0.658,1.35
"prognostic",2,1.053,2.80999999999998
"prognostic",3,1.042,2.61999999999999
"prognostic",4,0.985,3.15999999999998
"prognostic",5,0.929,2.70999999999999
"prognostic",6,1.012,3.31999999999997
"prognostic",7,1.056,3.57999999999997
"prognostic",8,1.088,3.17999999999998
"prognostic",9,1.034,3.37999999999997
"prognostic",10,1.124,3.69999999999996
"mahalanobis",1,1.404,2.73999999999999
"mahalanobis",2,1.142,3.38999999999997
"mahalanobis",3,1.186,4.29999999999995
"mahalanobis",4,1.093,3.77999999999996
"mahalanobis",5,1.132,4.35999999999995
"mahalanobis",6,1.119,4.12999999999996
"mahalanobis",7,1.15,4.58999999999995
"mahalanobis",8,1.099,4.07999999999996
"mahalanobis",9,1.111,4.20999999999995
"mahalanobis",10,1.118,4.13999999999996
"propensity",1,1.219,2.02
"propensity",2,1.143,2.30999999999999
"propensity",3,1.25,2.97999999999998
"propensity",4,1.275,3.43999999999997
"propensity",5,1.307,3.76999999999996
"propensity",6,1.187,3.20999999999998
"propensity",7,1.209,3.39999999999997
"propensity",8,1.197,3.44999999999997
"propensity",9,1.183,3.57999999999997
"propensity",10,1.197,3.82999999999996
"prognostic",1,1.084,2
"prognostic",2,1.203,2.96999999999998
"prognostic",3,1.315,4.30999999999995
"prognostic",4,1.226,4.54999999999995
"prognostic",5,1.221,4.31999999999995
"prognostic",6,1.176,6.03999999999991
"prognostic",7,1.262,6.5699999999999
"prognostic",8,1.265,6.6899999999999
"prognostic",9,1.199,4.55999999999995
"prognostic",10,1.178,6.15999999999991
"mahalanobis",1,1.202,2.96999999999998
"mahalanobis",2,1.124,3.63999999999997
"mahalanobis",3,1.095,4.16999999999995
"mahalanobis",4,1.022,3.79999999999996
"mahalanobis",5,1.041,3.77999999999996
"mahalanobis",6,1.077,4.31999999999995
"mahalanobis",7,1.088,4.49999999999995
"mahalanobis",8,1.114,4.51999999999995
"mahalanobis",9,1.144,4.98999999999994
"mahalanobis",10,1.122,4.99999999999994
"propensity",1,0.641,1.08
"propensity",2,0.841,1.61
"propensity",3,0.755,1.54
"propensity",4,0.8,1.72
"propensity",5,0.756,1.62
"propensity",6,0.706,1.53
"propensity",7,0.734,1.6
"propensity",8,0.754,1.66
"propensity",9,0.751,1.65
"propensity",10,0.749,1.69
"prognostic",1,0.834,1.76
"prognostic",2,0.772,1.87
"prognostic",3,0.612,1.69
"prognostic",4,0.826,2.57999999999999
"prognostic",5,0.91,2.66999999999999
"prognostic",6,0.826,2.36999999999999
"prognostic",7,0.898,3.20999999999998
"prognostic",8,0.815,2.92999999999998
"prognostic",9,0.86,2.63999999999999
"prognostic",10,0.855,3.10999999999998
"mahalanobis",1,0.872,1.82
"mahalanobis",2,0.831,2.13
"mahalanobis",3,0.888,2.33999999999999
"mahalanobis",4,0.87,2.61999999999999
"mahalanobis",5,0.793,2.36999999999999
"mahalanobis",6,0.813,2.46999999999999
"mahalanobis",7,0.854,2.65999999999999
"mahalanobis",8,0.812,2.56999999999999
"mahalanobis",9,0.817,2.57999999999999
"mahalanobis",10,0.805,2.51999999999999
"propensity",1,0.725,1.19
"propensity",2,0.575,1.17
"propensity",3,0.698,1.55
"propensity",4,0.819,1.88
"propensity",5,0.868,2.16
"propensity",6,0.889,2.32999999999999
"propensity",7,0.95,2.50999999999999
"propensity",8,0.931,2.49999999999999
"propensity",9,0.948,2.65999999999999
"propensity",10,0.949,2.74999999999998
"prognostic",1,1.209,2.78999999999998
"prognostic",2,0.95,2.59999999999999
"prognostic",3,1.018,3.41999999999997
"prognostic",4,0.919,3.00999999999998
"prognostic",5,0.965,3.94999999999996
"prognostic",6,0.996,3.91999999999996
"prognostic",7,1.058,5.11999999999993
"prognostic",8,1.02,4.87999999999994
"prognostic",9,0.998,4.79999999999994
"prognostic",10,1.021,5.01999999999994
"mahalanobis",1,0.783,1.64
"mahalanobis",2,0.787,2.31999999999999
"mahalanobis",3,0.756,2.48999999999999
"mahalanobis",4,0.8,2.96999999999998
"mahalanobis",5,0.843,3.17999999999998
"mahalanobis",6,0.872,3.28999999999997
"mahalanobis",7,0.919,3.53999999999997
"mahalanobis",8,0.909,3.27999999999997
"mahalanobis",9,0.922,3.47999999999997
"mahalanobis",10,0.929,3.63999999999997
"propensity",1,1.533,2.32999999999999
"propensity",2,1.368,3.28999999999997
"propensity",3,1.137,2.51999999999999
"propensity",4,1.085,2.42999999999999
"propensity",5,1.092,2.56999999999999
"propensity",6,1.054,2.67999999999999
"propensity",7,1.05,2.91999999999998
"propensity",8,1.05,2.95999999999998
"propensity",9,1.069,3.09999999999998
"propensity",10,1.059,3.11999999999998
"prognostic",1,0.909,2.15
"prognostic",2,1.021,2.74999999999998
"prognostic",3,0.875,2.62999999999999
"prognostic",4,1.155,4.52999999999995
"prognostic",5,1.019,4.12999999999996
"prognostic",6,0.995,3.86999999999996
"prognostic",7,0.988,3.94999999999996
"prognostic",8,1.109,4.66999999999994
"prognostic",9,1.065,4.07999999999996
"prognostic",10,0.961,3.67999999999997
"mahalanobis",1,0.816,1.87
"mahalanobis",2,0.873,2.57999999999999
"mahalanobis",3,0.816,2.46999999999999
"mahalanobis",4,0.863,2.91999999999998
"mahalanobis",5,0.856,2.97999999999998
"mahalanobis",6,0.827,2.85999999999998
"mahalanobis",7,0.883,3.12999999999998
"mahalanobis",8,0.882,3.25999999999997
"mahalanobis",9,0.854,3.02999999999998
"mahalanobis",10,0.878,3.15999999999998
"propensity",1,1.244,1.98
"propensity",2,1.252,2.75999999999998
"propensity",3,1.218,3.01999999999998
"propensity",4,1.263,3.59999999999997
"propensity",5,1.263,3.97999999999996
"propensity",6,1.283,4.20999999999995
"propensity",7,1.231,4.16999999999995
"propensity",8,1.209,4.00999999999996
"propensity",9,1.212,4.20999999999995
"propensity",10,1.236,4.50999999999995
"prognostic",1,1.381,4.60999999999995
"prognostic",2,1.231,3.87999999999996
"prognostic",3,1.331,6.6399999999999
"prognostic",4,1.133,5.42999999999993
"prognostic",5,1.289,7.37999999999989
"prognostic",6,1.248,8.08999999999987
"prognostic",7,1.194,7.92999999999987
"prognostic",8,1.184,7.29999999999989
"prognostic",9,1.207,8.59999999999986
"prognostic",10,1.207,8.94999999999985
"mahalanobis",1,1.23,3.77999999999996
"mahalanobis",2,1.27,3.77999999999996
"mahalanobis",3,1.278,5.11999999999993
"mahalanobis",4,1.274,6.14999999999991
"mahalanobis",5,1.264,6.34999999999991
"mahalanobis",6,1.266,6.5699999999999
"mahalanobis",7,1.275,7.37999999999989
"mahalanobis",8,1.251,7.30999999999989
"mahalanobis",9,1.217,6.9399999999999
"mahalanobis",10,1.199,6.6799999999999
"propensity",1,1.136,2.38999999999999
"propensity",2,1.295,3.77999999999996
"propensity",3,1.195,3.55999999999997
"propensity",4,1.187,4.05999999999996
"propensity",5,1.108,3.61999999999997
"propensity",6,1.132,3.63999999999997
"propensity",7,1.154,3.82999999999996
"propensity",8,1.185,4.10999999999996
"propensity",9,1.196,3.97999999999996
"propensity",10,1.191,3.87999999999996
"prognostic",1,1.28,2.33999999999999
"prognostic",2,1.235,5.68999999999992
"prognostic",3,1.033,3.15999999999998
"prognostic",4,1.054,4.72999999999994
"prognostic",5,1.054,4.60999999999995
"prognostic",6,1.194,5.28999999999993
"prognostic",7,1.117,5.29999999999993
"prognostic",8,1.206,6.8099999999999
"prognostic",9,1.186,5.77999999999992
"prognostic",10,1.239,6.8699999999999
"mahalanobis",1,1.201,3.40999999999997
"mahalanobis",2,1.154,3.56999999999997
"mahalanobis",3,1.205,4.12999999999996
"mahalanobis",4,1.247,4.74999999999994
"mahalanobis",5,1.244,5.24999999999993
"mahalanobis",6,1.251,5.65999999999992
"mahalanobis",7,1.246,6.06999999999991
"mahalanobis",8,1.222,6.05999999999991
"mahalanobis",9,1.24,6.5599999999999
"mahalanobis",10,1.231,6.28999999999991
"propensity",1,1.241,2.51999999999999
"propensity",2,1.153,2.68999999999999
"propensity",3,1.077,2.73999999999999
"propensity",4,0.973,2.35999999999999
"propensity",5,0.917,2.25
"propensity",6,0.93,2.39999999999999
"propensity",7,0.907,2.30999999999999
"propensity",8,0.885,2.28999999999999
"propensity",9,0.871,2.28999999999999
"propensity",10,0.901,2.36999999999999
"prognostic",1,0.854,1.97
"prognostic",2,0.982,2.21
"prognostic",3,0.787,1.79
"prognostic",4,0.954,2.98999999999998
"prognostic",5,0.855,2.84999999999998
"prognostic",6,0.908,3.03999999999998
"prognostic",7,0.867,2.28999999999999
"prognostic",8,0.981,3.51999999999997
"prognostic",9,0.862,2.67999999999999
"prognostic",10,0.845,2.55999999999999
"mahalanobis",1,0.9,1.55
"mahalanobis",2,0.957,2.01
"mahalanobis",3,1.067,2.75999999999998
"mahalanobis",4,0.907,2.36999999999999
"mahalanobis",5,0.916,2.58999999999999
"mahalanobis",6,0.915,2.67999999999999
"mahalanobis",7,0.917,2.86999999999998
"mahalanobis",8,0.946,3.06999999999998
"mahalanobis",9,0.967,3.23999999999997
"mahalanobis",10,0.956,3.34999999999997
"propensity",1,1.188,2.30999999999999
"propensity",2,1.157,2.59999999999999
"propensity",3,1.187,2.93999999999998
"propensity",4,1.175,3.14999999999998
"propensity",5,1.139,2.99999999999998
"propensity",6,1.133,3.06999999999998
"propensity",7,1.146,3.03999999999998
"propensity",8,1.141,3.09999999999998
"propensity",9,1.108,3.14999999999998
"propensity",10,1.148,3.44999999999997
"prognostic",1,1.52,5.11999999999993
"prognostic",2,1.085,3.82999999999996
"prognostic",3,1.329,5.33999999999993
"prognostic",4,1.266,4.99999999999994
"prognostic",5,1.35,6.29999999999991
"prognostic",6,1.273,6.5499999999999
"prognostic",7,1.284,6.04999999999991
"prognostic",8,1.279,6.8499999999999
"prognostic",9,1.287,6.8599999999999
"prognostic",10,1.292,7.73999999999988
"mahalanobis",1,1.438,3.72999999999996
"mahalanobis",2,1.33,5.40999999999993
"mahalanobis",3,1.378,5.66999999999992
"mahalanobis",4,1.299,5.60999999999992
"mahalanobis",5,1.279,5.58999999999992
"mahalanobis",6,1.275,5.35999999999993
"mahalanobis",7,1.32,5.87999999999992
"mahalanobis",8,1.353,6.38999999999991
"mahalanobis",9,1.344,6.39999999999991
"mahalanobis",10,1.347,6.5799999999999
