"method","k","estimate","gamma"
"propensity",1,0.897,2.02
"propensity",2,0.9,2.12
"propensity",3,0.885,2.24
"propensity",4,0.944,2.53999999999999
"propensity",5,0.82,2.18
"propensity",6,0.889,2.37999999999999
"propensity",7,0.87,2.39999999999999
"propensity",8,0.901,2.48999999999999
"propensity",9,0.922,2.60999999999999
"propensity",10,0.915,2.65999999999999
"prognostic",1,0.926,2.1
"prognostic",2,1.071,2.89999999999998
"prognostic",3,0.811,2.73999999999999
"prognostic",4,0.821,2.13
"prognostic",5,0.747,2.40999999999999
"prognostic",6,0.782,2.17
"prognostic",7,0.895,3.18999999999998
"prognostic",8,0.911,2.54999999999999
"prognostic",9,0.897,3.24999999999997
"prognostic",10,0.857,2.52999999999999
"mahalanobis",1,0.852,1.54
"mahalanobis",2,0.798,2.23
"mahalanobis",3,0.82,2.82999999999998
"mahalanobis",4,0.847,2.95999999999998
"mahalanobis",5,0.895,2.90999999999998
"mahalanobis",6,0.842,2.62999999999999
"mahalanobis",7,0.883,2.96999999999998
"mahalanobis",8,0.871,2.71999999999999
"mahalanobis",9,0.905,2.96999999999998
"mahalanobis",10,0.944,3.30999999999997
