"method","k","estimate","gamma"
"propensity",1,1.13,1.31
"propensity",4,1.33,1.72
"propensity",8,2.35,3.17999999999998
"prognostic",1,1.02,2.74999999999998
"prognostic",4,1.42,6.40999999999991
"prognostic",8,2.63,26.1300000000013
"mahalanobis",1,2,2.52999999999999
"mahalanobis",4,2.64,4.34999999999995
"mahalanobis",8,3.61,8.10999999999987
"propensity",1,0.74,1
"propensity",4,1.6,1.85
"propensity",8,2.7,3.52999999999997
"prognostic",1,1.34,3.98999999999996
"prognostic",4,1.92,9.59999999999984
"prognostic",8,3.14,28.8300000000017
"mahalanobis",1,2.62,3.08999999999998
"mahalanobis",4,2.83,4.11999999999996
"mahalanobis",8,3.7,6.8299999999999
"propensity",1,0.98,1.23
"propensity",4,1.26,1.73
"propensity",8,1.99,3.11999999999998
"prognostic",1,1.28,3.17999999999998
"prognostic",4,1.41,7.32999999999989
"prognostic",8,2.18,15.9199999999997
"mahalanobis",1,2.56,3.97999999999996
"mahalanobis",4,2.87,5.56999999999992
"mahalanobis",8,3.59,8.34999999999987
"propensity",1,1.47,1.85
"propensity",4,1.59,2.74999999999998
"propensity",8,2.11,4.31999999999995
"prognostic",1,1.25,3.68999999999996
"prognostic",4,1.78,9.62999999999984
"prognostic",8,2.54,20.7200000000004
"mahalanobis",1,3.12,4.40999999999995
"mahalanobis",4,3.41,7.27999999999989
"mahalanobis",8,3.85,9.03999999999985
"propensity",1,1.23,1.47
"propensity",4,1.41,2.13
"propensity",8,1.98,3.16999999999998
"prognostic",1,1.15,2.99999999999998
"prognostic",4,1.63,7.96999999999987
"prognostic",8,2.42,19.3300000000002
"mahalanobis",1,2.9,4.42999999999995
"mahalanobis",4,3,5.51999999999993
"mahalanobis",8,3.52,8.17999999999987
"propensity",1,1.33,1.41
"propensity",4,1.3,1.62
"propensity",8,2.34,3.20999999999998
"prognostic",1,1.07,2.95999999999998
"prognostic",4,1.64,9.97999999999983
"prognostic",8,2.78,35.9500000000014
"mahalanobis",1,2.72,2.88999999999998
"mahalanobis",4,3.02,4.84999999999994
"mahalanobis",8,3.72,7.85999999999988
"propensity",1,0.64,1.03
"propensity",4,1.16,1.5
"propensity",8,2.33,3.00999999999998
"prognostic",1,1.05,3.06999999999998
"prognostic",4,1.38,7.61999999999988
"prognostic",8,2.6,23.2900000000008
"mahalanobis",1,2.08,2.97999999999998
"mahalanobis",4,2.83,5.23999999999993
"mahalanobis",8,3.29,6.32999999999991
"propensity",1,1.18,1.32
"propensity",4,1.33,1.73
"propensity",8,2.36,3.37999999999997
"prognostic",1,1.18,3.54999999999997
"prognostic",4,1.71,9.52999999999984
"prognostic",8,2.75,28.8100000000017
"mahalanobis",1,2.347,2.96999999999998
"mahalanobis",4,3.07,5.21999999999993
"mahalanobis",8,3.77,8.68999999999986
"propensity",1,0.894,1.1
"propensity",4,1.06,1.4
"propensity",8,1.98,2.61999999999999
"prognostic",1,1.1,3.07999999999998
"prognostic",4,1.27,6.32999999999991
"prognostic",8,2.342,20.7500000000004
"mahalanobis",1,2.871,4.67999999999994
"mahalanobis",4,2.82,4.39999999999995
"mahalanobis",8,3.48,6.28999999999991
"propensity",1,1.08,1.32
"propensity",4,0.96,1.45
"propensity",8,1.55,2.25
"prognostic",1,0.81,2.36999999999999
"prognostic",4,1.13,4.67999999999994
"prognostic",8,1.88,13.6199999999998
"mahalanobis",1,2.07,2.96999999999998
"mahalanobis",4,2.44,4.02999999999996
"mahalanobis",8,2.85,4.92999999999994
