"method","k","estimate","gamma"
"propensity",1,0.843,1.06
"propensity",4,1.3,1.53
"propensity",8,2.4,2.96999999999998
"prognostic",1,0.947,2.70999999999999
"prognostic",4,1.518,7.60999999999988
"prognostic",8,2.761,31.000000000002
"mahalanobis",1,2.187,2.70999999999999
"mahalanobis",4,2.76,4.19999999999995
"mahalanobis",8,3.6,7.13999999999989
"propensity",1,1.4,1.24
"propensity",4,2.4,2.41999999999999
"propensity",8,3.78,4.91999999999994
"prognostic",1,1.71,5.71999999999992
"prognostic",4,2.79,23.8100000000009
"prognostic",8,4.3,79.4200000000037
"mahalanobis",1,3.38,5.19999999999993
"mahalanobis",4,4.08,9.91999999999983
"mahalanobis",8,4.89,15.2599999999997
"propensity",1,0.55,1
"propensity",4,1.11,1.21
"propensity",8,1.65,1.67
"prognostic",1,0.94,2.40999999999999
"prognostic",4,1.27,4.90999999999994
"prognostic",8,1.85,9.90999999999983
"mahalanobis",1,2.2,2.45999999999999
"mahalanobis",4,2.51,3.36999999999997
"mahalanobis",8,3.04,4.57999999999995
"propensity",1,1.7,1.26
"propensity",4,1.52,1.38
"propensity",8,2.41,2.29999999999999
"prognostic",1,1.18,3.01999999999998
"prognostic",4,1.67,9.18999999999985
"prognostic",8,2.4,19.7400000000003
"mahalanobis",1,2.15,2.47999999999999
"mahalanobis",4,2.91,5.28999999999993
"mahalanobis",8,3.42,6.16999999999991
"propensity",1,1.44,1.27
"propensity",4,1.55,1.52
"propensity",8,2.39,2.33999999999999
"prognostic",1,1.19,3.24999999999997
"prognostic",4,1.53,5.91999999999992
"prognostic",8,2.8,31.4900000000021
"mahalanobis",1,1.74,2.13
"mahalanobis",4,2.51,3.84999999999996
"mahalanobis",8,3.36,6.6099999999999
"propensity",1,0.99,1.16
"propensity",4,1.09,1.35
"propensity",8,2.09,2.52999999999999
"prognostic",1,1,2.86999999999998
"prognostic",4,1.13,4.73999999999994
"prognostic",8,2.53,23.8800000000009
"mahalanobis",1,2.32,2.81999999999998
"mahalanobis",4,2.63,3.84999999999996
"mahalanobis",8,3.32,6.46999999999991
"propensity",1,0.66,1
"propensity",4,1.16,1.48
"propensity",8,2.29,2.99999999999998
"prognostic",1,1.205,3.80999999999996
"prognostic",4,1.61,9.09999999999985
"prognostic",8,2.7,33.190000000002
"mahalanobis",1,2.85,5.07999999999994
"mahalanobis",4,3.07,5.79999999999992
"mahalanobis",8,3.59,7.25999999999989
"propensity",1,1.38,1.13
"propensity",4,1.22,1.22
"propensity",8,2.11,2.04
"prognostic",1,1.19,3.80999999999996
"prognostic",4,1.64,8.82999999999986
"prognostic",8,2.38,20.7800000000004
"mahalanobis",1,2.4,2.64999999999999
"mahalanobis",4,2.67,3.81999999999996
"mahalanobis",8,3.12,5.19999999999993
"propensity",1,0.58,1
"propensity",4,1.44,1.46
"propensity",8,2.29,2.24
"prognostic",1,1.04,3.52999999999997
"prognostic",4,1.45,8.86999999999986
"prognostic",8,2.54,26.9700000000014
"mahalanobis",1,2.05,2.42999999999999
"mahalanobis",4,2.49,3.73999999999996
"mahalanobis",8,3.08,5.01999999999994
"propensity",1,0.71,1
"propensity",4,1.06,1.18
"propensity",8,1.57,1.61
"prognostic",1,0.93,2.34999999999999
"prognostic",4,1.2,4.35999999999995
"prognostic",8,1.84,11.0699999999998
"mahalanobis",1,2.21,2.77999999999998
"mahalanobis",4,2.35,3.52999999999997
"mahalanobis",8,2.86,4.78999999999994
