"method","k","estimate","gamma"
"propensity",1,0.99,1.31
"propensity",4,1.25,1.91
"propensity",8,2.11,3.71999999999996
"prognostic",1,1.16,3.70999999999996
"prognostic",4,1.52,6.7899999999999
"prognostic",8,2.32,21.4100000000005
"mahalanobis",1,2.35,2.70999999999999
"mahalanobis",4,2.83,4.43999999999995
"mahalanobis",8,3.34,6.09999999999991
"propensity",1,1.25,2.85999999999998
"propensity",4,1.33,4.08999999999996
"propensity",8,1.66,6.5999999999999
"prognostic",1,1.31,4.14999999999996
"prognostic",4,1.36,7.84999999999988
"prognostic",8,2.03,18.21
"mahalanobis",1,2.24,2.38999999999999
"mahalanobis",4,3,4.49999999999995
"mahalanobis",8,3.51,5.84999999999992
"propensity",1,0.85,1.41
"propensity",4,1.54,2.81999999999998
"propensity",8,2.71,7.01999999999989
"prognostic",1,0.94,3.05999999999998
"prognostic",4,1.69,8.70999999999986
"prognostic",8,3.09,28.2000000000016
"mahalanobis",1,2.5,2.63999999999999
"mahalanobis",4,3.19,5.57999999999992
"mahalanobis",8,3.93,8.49999999999986
"propensity",1,1.39,2.30999999999999
"propensity",4,1.65,3.86999999999996
"propensity",8,2.7,7.87999999999988
"prognostic",1,1.14,2.88999999999998
"prognostic",4,1.77,7.32999999999989
"prognostic",8,3.11,25.5100000000012
"mahalanobis",1,3.11,4.82999999999994
"mahalanobis",4,3.76,7.60999999999988
"mahalanobis",8,4.48,10.7899999999998
"propensity",1,0.89,1.23
"propensity",4,1.33,2.32999999999999
"propensity",8,1.87,4.01999999999996
"prognostic",1,1.53,5.44999999999993
"prognostic",4,1.55,7.38999999999989
"prognostic",8,2.32,18.3300000000001
"mahalanobis",1,2.33,2.97999999999998
"mahalanobis",4,3.27,6.6299999999999
"mahalanobis",8,3.76,8.67999999999986
"propensity",1,1.2,1.97
"propensity",4,1.54,3.24999999999997
"propensity",8,2.77,7.65999999999988
"prognostic",1,1.09,3.17999999999998
"prognostic",4,1.7,8.52999999999986
"prognostic",8,3.31,45.7899999999995
"mahalanobis",1,2.63,3.44999999999997
"mahalanobis",4,3.48,7.31999999999989
"mahalanobis",8,4.43,11.7599999999998
"propensity",1,1.08,1.39
"propensity",4,1.15,1.89
"propensity",8,2.09,4.03999999999996
"prognostic",1,1.13,3.35999999999997
"prognostic",4,1.32,6.6299999999999
"prognostic",8,2.49,32.6600000000021
"mahalanobis",1,1.79,2.40999999999999
"mahalanobis",4,2.53,3.78999999999996
"mahalanobis",8,3.46,6.8099999999999
"propensity",1,1.09,1.35
"propensity",4,1.03,1.62
"propensity",8,1.36,2.1
"prognostic",1,0.9,2.60999999999999
"prognostic",4,1.27,5.15999999999993
"prognostic",8,1.72,11.7299999999998
"mahalanobis",1,2.42,3.03999999999998
"mahalanobis",4,3.18,6.00999999999992
"mahalanobis",8,3.68,7.83999999999988
"propensity",1,1.42,1.57
"propensity",4,1.32,1.93
"propensity",8,2.07,3.73999999999996
"prognostic",1,1.04,2.93999999999998
"prognostic",4,1.55,7.96999999999987
"prognostic",8,2.31,22.0800000000007
"mahalanobis",1,1.99,2.11
"mahalanobis",4,2.65,3.89999999999996
"mahalanobis",8,3.21,5.57999999999992
"propensity",1,1.01,1.75
"propensity",4,1.59,4.05999999999996
"propensity",8,2.8,9.42999999999984
"prognostic",1,1.17,4.15999999999995
"prognostic",4,1.92,10.4699999999998
"prognostic",8,3.25,27.5900000000015
"mahalanobis",1,2.63,3.56999999999997
"mahalanobis",4,3.46,7.35999999999989
"mahalanobis",8,4.01,9.95999999999983
