"method","k","estimate","gamma"
"propensity",1,0.429,1.26
"propensity",4,0.551,2
"propensity",8,0.65,2.46999999999999
"prognostic",1,0.328,1.12
"prognostic",4,0.604,2.32999999999999
"prognostic",8,0.66,2.94999999999998
"mahalanobis",1,0.767,2.03
"mahalanobis",4,0.794,2.75999999999998
"mahalanobis",8,0.852,3.43999999999997
"propensity",1,0.707,1.92
"propensity",4,0.583,2.16
"propensity",8,0.812,3.55999999999997
"prognostic",1,0.67,1.87
"prognostic",4,0.709,2.79999999999998
"prognostic",8,0.889,5.06999999999994
"mahalanobis",1,0.743,2.1
"mahalanobis",4,0.882,3.72999999999996
"mahalanobis",8,1.017,5.13999999999993
"propensity",1,0.667,2.03
"propensity",4,0.676,2.75999999999998
"propensity",8,0.842,4.20999999999995
"prognostic",1,0.681,1.98
"prognostic",4,0.755,3.37999999999997
"prognostic",8,0.905,5.09999999999993
"mahalanobis",1,0.851,2.67999999999999
"mahalanobis",4,0.933,4.18999999999995
"mahalanobis",8,1.061,5.84999999999992
"propensity",1,0.38,1.3
"propensity",4,0.505,1.82
"propensity",8,0.694,2.90999999999998
"prognostic",1,0.662,2.29999999999999
"prognostic",4,0.617,2.50999999999999
"prognostic",8,0.801,3.98999999999996
"mahalanobis",1,0.714,2.37999999999999
"mahalanobis",4,0.759,3.19999999999998
"mahalanobis",8,0.898,4.17999999999995
"propensity",1,0.213,1
"propensity",4,0.369,1.37
"propensity",8,0.487,1.78
"prognostic",1,0.328,1.21
"prognostic",4,0.378,1.54
"prognostic",8,0.519,2.11
"mahalanobis",1,0.368,1.25
"mahalanobis",4,0.538,1.86
"mahalanobis",8,0.679,2.71999999999999
"propensity",1,0.811,2.09
"propensity",4,0.858,3.54999999999997
"propensity",8,1.07,5.86999999999992
"prognostic",1,0.969,3.00999999999998
"prognostic",4,0.914,4.28999999999995
"prognostic",8,1.149,6.99999999999989
"mahalanobis",1,1.101,3.96999999999996
"mahalanobis",4,1.108,6.06999999999991
"mahalanobis",8,1.333,10.0099999999998
"propensity",1,0.597,1.62
"propensity",4,0.438,1.53
"propensity",8,0.636,2.31999999999999
"prognostic",1,0.481,1.41
"prognostic",4,0.481,1.84
"prognostic",8,0.726,3.32999999999997
"mahalanobis",1,0.76,2.06
"mahalanobis",4,0.8,3.42999999999997
"mahalanobis",8,0.851,4.13999999999996
"propensity",1,0.717,2.43999999999999
"propensity",4,0.675,2.79999999999998
"propensity",8,0.885,4.29999999999995
"prognostic",1,0.637,1.93
"prognostic",4,0.774,3.42999999999997
"prognostic",8,0.969,5.95999999999992
"mahalanobis",1,0.915,3.08999999999998
"mahalanobis",4,0.912,4.00999999999996
"mahalanobis",8,1.05,5.97999999999992
"propensity",1,0.672,1.75
"propensity",4,0.674,2.43999999999999
"propensity",8,0.821,3.40999999999997
"prognostic",1,0.616,1.88
"prognostic",4,0.712,3.01999999999998
"prognostic",8,0.905,4.83999999999994
"mahalanobis",1,0.771,2.29999999999999
"mahalanobis",4,0.937,4.06999999999996
"mahalanobis",8,1.017,5.38999999999993
"propensity",1,0.601,1.81
"propensity",4,0.643,2.37999999999999
"propensity",8,0.755,2.97999999999998
"prognostic",1,0.631,1.79
"prognostic",4,0.67,2.46999999999999
"prognostic",8,0.806,3.86999999999996
"mahalanobis",1,0.873,2.2
"mahalanobis",4,0.923,3.47999999999997
"mahalanobis",8,0.958,4.44999999999995
