"method","k","estimate","gamma"
"propensity",1,0.488,1.57
"propensity",4,0.529,2.01
"propensity",8,0.683,2.90999999999998
"prognostic",1,0.539,1.57
"prognostic",4,0.63,2.57999999999999
"prognostic",8,0.77,3.96999999999996
"mahalanobis",1,0.701,2
"mahalanobis",4,0.838,3.14999999999998
"mahalanobis",8,0.976,4.50999999999995
"propensity",1,0.372,1.35
"propensity",4,0.493,1.94
"propensity",8,0.6,2.65999999999999
"prognostic",1,0.437,1.44
"prognostic",4,0.423,1.68
"prognostic",8,0.637,2.82999999999998
"mahalanobis",1,0.616,1.93
"mahalanobis",4,0.699,2.78999999999998
"mahalanobis",8,0.792,3.35999999999997
"propensity",1,0.428,1.49
"propensity",4,0.566,2.31999999999999
"propensity",8,0.757,3.44999999999997
"prognostic",1,0.605,1.88
"prognostic",4,0.622,2.69999999999999
"prognostic",8,0.859,5.05999999999994
"mahalanobis",1,0.654,1.74
"mahalanobis",4,0.826,3.08999999999998
"mahalanobis",8,0.977,4.77999999999994
"propensity",1,0.367,1.22
"propensity",4,0.403,1.58
"propensity",8,0.596,2.51999999999999
"prognostic",1,0.375,1.32
"prognostic",4,0.424,1.68
"prognostic",8,0.631,2.82999999999998
"mahalanobis",1,0.51,1.58
"mahalanobis",4,0.651,2.42999999999999
"mahalanobis",8,0.791,3.66999999999997
"propensity",1,0.376,1.26
"propensity",4,0.473,1.75
"propensity",8,0.614,2.51999999999999
"prognostic",1,0.517,1.48
"prognostic",4,0.533,1.97
"prognostic",8,0.646,2.79999999999998
"mahalanobis",1,0.735,2.28999999999999
"mahalanobis",4,0.797,3.12999999999998
"mahalanobis",8,0.898,3.91999999999996
"propensity",1,0.624,1.73
"propensity",4,0.763,2.88999999999998
"propensity",8,0.902,4.18999999999995
"prognostic",1,0.573,1.54
"prognostic",4,0.824,3.40999999999997
"prognostic",8,0.913,4.72999999999994
"mahalanobis",1,0.886,2.84999999999998
"mahalanobis",4,0.997,4.13999999999996
"mahalanobis",8,1.123,6.13999999999991
"propensity",1,0.521,1.65
"propensity",4,0.703,2.88999999999998
"propensity",8,0.909,4.74999999999994
"prognostic",1,0.663,2.34999999999999
"prognostic",4,0.72,2.94999999999998
"prognostic",8,1.005,5.97999999999992
"mahalanobis",1,0.79,2.34999999999999
"mahalanobis",4,1.016,4.85999999999994
"mahalanobis",8,1.148,6.6799999999999
"propensity",1,0.466,1.43
"propensity",4,0.691,2.79999999999998
"propensity",8,0.914,4.58999999999995
"prognostic",1,0.749,2.11
"prognostic",4,0.754,3.15999999999998
"prognostic",8,0.972,5.56999999999992
"mahalanobis",1,1.053,3.42999999999997
"mahalanobis",4,1.143,5.54999999999993
"mahalanobis",8,1.233,8.25999999999987
"propensity",1,0.884,2.78999999999998
"propensity",4,0.737,3.12999999999998
"propensity",8,0.865,4.72999999999994
"prognostic",1,0.559,1.66
"prognostic",4,0.725,3.08999999999998
"prognostic",8,0.949,5.83999999999992
"mahalanobis",1,0.69,2.21
"mahalanobis",4,0.928,4.46999999999995
"mahalanobis",8,1.075,6.33999999999991
"propensity",1,0.446,1.43
"propensity",4,0.492,1.83
"propensity",8,0.795,3.61999999999997
"prognostic",1,0.742,2.30999999999999
"prognostic",4,0.631,2.57999999999999
"prognostic",8,0.94,5.25999999999993
"mahalanobis",1,0.62,1.77
"mahalanobis",4,0.851,3.34999999999997
"mahalanobis",8,1.024,4.71999999999994
