"method","k","estimate","gamma"
"propensity",1,0.991,2.16
"propensity",2,1.043,2.62999999999999
"propensity",3,1.01,2.78999999999998
"propensity",5,1.036,3.16999999999998
"prognostic",1,0.987,2.68999999999999
"prognostic",2,0.973,3.66999999999997
"prognostic",3,0.975,4.49999999999995
"prognostic",5,1.042,4.93999999999994
"mahalanobis",1,1.094,3.08999999999998
"mahalanobis",2,1.079,3.45999999999997
"mahalanobis",3,1.057,4.00999999999996
"mahalanobis",5,1.063,4.92999999999994
"propensity",1,1.22,2.59999999999999
"propensity",2,1.243,3.40999999999997
"propensity",3,1.243,3.90999999999996
"propensity",5,1.212,4.36999999999995
"prognostic",1,1.03,2.96999999999998
"prognostic",2,1.078,4.52999999999995
"prognostic",3,1.08,5.51999999999993
"prognostic",5,1.184,6.9599999999999
"mahalanobis",1,1.124,2.93999999999998
"mahalanobis",2,1.087,3.79999999999996
"mahalanobis",3,1.059,4.32999999999995
"mahalanobis",5,1.091,5.37999999999993
"propensity",1,1.321,4.46999999999995
"propensity",2,1.061,3.57999999999997
"propensity",3,0.989,3.33999999999997
"propensity",5,0.955,3.37999999999997
"prognostic",1,1.278,4.57999999999995
"prognostic",2,1.074,4.81999999999994
"prognostic",3,0.981,3.73999999999996
"prognostic",5,1.154,6.6399999999999
"mahalanobis",1,0.971,3.47999999999997
"mahalanobis",2,1.041,4.34999999999995
"mahalanobis",3,1.029,4.83999999999994
"mahalanobis",5,1.147,6.8799999999999
"propensity",1,0.514,1.27
"propensity",2,0.668,1.71
"propensity",3,0.688,1.95
"propensity",5,0.768,2.27
"prognostic",1,0.776,2.29999999999999
"prognostic",2,0.811,2.76999999999998
"prognostic",3,0.707,2.73999999999999
"prognostic",5,0.801,3.52999999999997
"mahalanobis",1,0.79,2.16
"mahalanobis",2,0.814,2.77999999999998
"mahalanobis",3,0.822,3.16999999999998
"mahalanobis",5,0.809,3.35999999999997
"propensity",1,0.924,2.1
"propensity",2,0.875,2.29999999999999
"propensity",3,0.841,2.47999999999999
"propensity",5,0.889,2.84999999999998
"prognostic",1,0.956,2.87999999999998
"prognostic",2,0.872,2.63999999999999
"prognostic",3,0.899,3.63999999999997
"prognostic",5,0.867,3.62999999999997
"mahalanobis",1,0.889,2.56999999999999
"mahalanobis",2,0.942,3.15999999999998
"mahalanobis",3,0.872,3.12999999999998
"mahalanobis",5,0.887,3.53999999999997
"propensity",1,0.925,1.99
"propensity",2,0.909,2.33999999999999
"propensity",3,0.819,2.31999999999999
"propensity",5,0.828,2.70999999999999
"prognostic",1,0.963,3.76999999999996
"prognostic",2,1.025,4.13999999999996
"prognostic",3,0.954,4.21999999999995
"prognostic",5,0.921,4.48999999999995
"mahalanobis",1,1.164,3.85999999999996
"mahalanobis",2,1.16,4.87999999999994
"mahalanobis",3,1.043,4.64999999999994
"mahalanobis",5,1.011,4.81999999999994
"propensity",1,1.105,2.09
"propensity",2,1.187,3.02999999999998
"propensity",3,1.191,3.68999999999996
"propensity",5,1.208,4.21999999999995
"prognostic",1,1.161,3.45999999999997
"prognostic",2,1.214,5.77999999999992
"prognostic",3,1.094,4.91999999999994
"prognostic",5,1.093,5.67999999999992
"mahalanobis",1,1.147,3.18999999999998
"mahalanobis",2,1.193,4.30999999999995
"mahalanobis",3,1.159,4.90999999999994
"mahalanobis",5,1.161,5.76999999999992
"propensity",1,1.403,3.34999999999997
"propensity",2,1.362,4.00999999999996
"propensity",3,1.336,4.32999999999995
"propensity",5,1.275,4.55999999999995
"prognostic",1,1.44,5.40999999999993
"prognostic",2,1.274,6.4999999999999
"prognostic",3,1.293,7.65999999999988
"prognostic",5,1.23,7.42999999999989
"mahalanobis",1,1.369,4.67999999999994
"mahalanobis",2,1.3,5.60999999999992
"mahalanobis",3,1.277,6.12999999999991
"mahalanobis",5,1.239,7.30999999999989
"propensity",1,1.136,2.58999999999999
"propensity",2,1.009,2.52999999999999
"propensity",3,1.028,2.94999999999998
"propensity",5,0.979,3.02999999999998
"prognostic",1,1.068,3.20999999999998
"prognostic",2,1.055,4.78999999999994
"prognostic",3,0.939,4.29999999999995
"prognostic",5,1,5.49999999999993
"mahalanobis",1,1.108,3.46999999999997
"mahalanobis",2,1.059,3.94999999999996
"mahalanobis",3,1.041,4.42999999999995
"mahalanobis",5,0.973,4.83999999999994
"propensity",1,0.935,1.81
"propensity",2,1.044,2.54999999999999
"propensity",3,0.99,2.61999999999999
"propensity",5,0.935,2.60999999999999
"prognostic",1,0.937,2.56999999999999
"prognostic",2,0.996,3.41999999999997
"prognostic",3,0.947,3.41999999999997
"prognostic",5,1.024,4.88999999999994
"mahalanobis",1,0.803,2.28999999999999
"mahalanobis",2,0.902,3.15999999999998
"mahalanobis",3,0.968,3.72999999999996
"mahalanobis",5,0.976,4.25999999999995
