"method","k","estimate","gamma"
"propensity",1,1.045,2.39999999999999
"propensity",2,1.035,3.05999999999998
"propensity",3,0.989,3.14999999999998
"propensity",5,1.049,3.87999999999996
"prognostic",1,1.101,4.41999999999995
"prognostic",2,1.207,6.02999999999991
"prognostic",3,1.131,5.92999999999992
"prognostic",5,1.067,6.33999999999991
"mahalanobis",1,1.174,3.92999999999996
"mahalanobis",2,1.111,4.49999999999995
"mahalanobis",3,1.114,4.83999999999994
"mahalanobis",5,1.139,5.95999999999992
"propensity",1,1.071,2.09
"propensity",2,0.844,1.81
"propensity",3,0.892,2.06
"propensity",5,0.937,2.43999999999999
"prognostic",1,1.107,4.41999999999995
"prognostic",2,0.946,3.47999999999997
"prognostic",3,0.997,4.29999999999995
"prognostic",5,1.053,5.29999999999993
"mahalanobis",1,1.136,3.44999999999997
"mahalanobis",2,1.012,3.39999999999997
"mahalanobis",3,1.049,3.93999999999996
"mahalanobis",5,1.053,4.54999999999995
"propensity",1,1.048,2.38999999999999
"propensity",2,1.055,2.97999999999998
"propensity",3,0.952,2.80999999999998
"propensity",5,0.948,3.15999999999998
"prognostic",1,0.767,2.39999999999999
"prognostic",2,0.82,3.33999999999997
"prognostic",3,0.787,3.33999999999997
"prognostic",5,0.819,3.80999999999996
"mahalanobis",1,0.747,2.25
"mahalanobis",2,0.879,3.10999999999998
"mahalanobis",3,0.912,3.58999999999997
"mahalanobis",5,0.955,4.40999999999995
"propensity",1,1.219,2.98999999999998
"propensity",2,1.055,2.81999999999998
"propensity",3,1.082,3.29999999999997
"propensity",5,0.997,3.31999999999997
"prognostic",1,1.127,3.50999999999997
"prognostic",2,0.993,3.45999999999997
"prognostic",3,1.019,3.99999999999996
"prognostic",5,0.971,4.94999999999994
"mahalanobis",1,1.26,4.20999999999995
"mahalanobis",2,1.223,5.18999999999993
"mahalanobis",3,1.18,5.45999999999993
"mahalanobis",5,1.176,5.57999999999992
"propensity",1,0.856,1.81
"propensity",2,0.917,2.36999999999999
"propensity",3,0.943,2.78999999999998
"propensity",5,0.946,3.12999999999998
"prognostic",1,1.142,3.54999999999997
"prognostic",2,0.916,3.21999999999997
"prognostic",3,0.914,4.04999999999996
"prognostic",5,0.973,4.64999999999994
"mahalanobis",1,0.928,3.37999999999997
"mahalanobis",2,0.956,3.71999999999996
"mahalanobis",3,0.946,3.87999999999996
"mahalanobis",5,0.994,4.58999999999995
"propensity",1,1.016,2.01
"propensity",2,1,2.62999999999999
"propensity",3,1.035,2.80999999999998
"propensity",5,1.037,3.21999999999997
"prognostic",1,0.846,2.1
"prognostic",2,1.134,4.93999999999994
"prognostic",3,0.989,4.00999999999996
"prognostic",5,0.981,4.60999999999995
"mahalanobis",1,1.139,3.48999999999997
"mahalanobis",2,0.999,3.75999999999996
"mahalanobis",3,0.979,3.66999999999997
"mahalanobis",5,1.029,4.49999999999995
"propensity",1,0.733,1.6
"propensity",2,0.78,2.04
"propensity",3,0.79,2.27
"propensity",5,0.802,2.48999999999999
"prognostic",1,0.93,3.12999999999998
"prognostic",2,0.83,3.21999999999997
"prognostic",3,0.859,3.62999999999997
"prognostic",5,0.923,4.82999999999994
"mahalanobis",1,0.88,2.83999999999998
"mahalanobis",2,0.907,3.64999999999997
"mahalanobis",3,0.94,4.44999999999995
"mahalanobis",5,0.901,4.55999999999995
"propensity",1,0.982,2.29999999999999
"propensity",2,0.886,2.69999999999999
"propensity",3,0.925,3.04999999999998
"propensity",5,0.897,2.99999999999998
"prognostic",1,0.913,3.13999999999998
"prognostic",2,1.018,4.67999999999994
"prognostic",3,1.017,4.75999999999994
"prognostic",5,0.968,5.07999999999994
"mahalanobis",1,0.934,2.2
"mahalanobis",2,0.871,2.76999999999998
"mahalanobis",3,0.915,3.56999999999997
"mahalanobis",5,0.953,4.28999999999995
"propensity",1,0.936,2.12
"propensity",2,0.869,2.18
"propensity",3,0.887,2.41999999999999
"propensity",5,0.908,2.79999999999998
"prognostic",1,0.93,2.96999999999998
"prognostic",2,0.876,3.31999999999997
"prognostic",3,0.921,3.90999999999996
"prognostic",5,0.867,3.99999999999996
"mahalanobis",1,0.824,2.62999999999999
"mahalanobis",2,0.911,3.34999999999997
"mahalanobis",3,0.941,3.85999999999996
"mahalanobis",5,0.943,4.37999999999995
"propensity",1,1.122,3.11999999999998
"propensity",2,1.098,2.77999999999998
"propensity",3,1.049,3.03999999999998
"propensity",5,1.026,3.36999999999997
"prognostic",1,1.172,3.45999999999997
"prognostic",2,1.157,4.85999999999994
"prognostic",3,1.076,4.91999999999994
"prognostic",5,1.07,5.81999999999992
"mahalanobis",1,0.886,2.40999999999999
"mahalanobis",2,1,3.41999999999997
"mahalanobis",3,0.995,3.64999999999997
"mahalanobis",5,1.049,4.71999999999994
