"method","k","estimate","gamma"
"propensity",1,1.002,2.13
"propensity",2,1.075,2.75999999999998
"propensity",3,1,2.97999999999998
"propensity",5,0.983,3.46999999999997
"prognostic",1,0.971,2.85999999999998
"prognostic",2,0.979,3.74999999999996
"prognostic",3,1.004,4.73999999999994
"prognostic",5,1.054,6.6099999999999
"mahalanobis",1,1.006,2.72999999999999
"mahalanobis",2,1.089,3.84999999999996
"mahalanobis",3,1.124,4.44999999999995
"mahalanobis",5,1.151,5.22999999999993
"propensity",1,1.072,3.00999999999998
"propensity",2,1.082,4.18999999999995
"propensity",3,1.037,4.31999999999995
"propensity",5,1.036,5.11999999999993
"prognostic",1,1.063,3.35999999999997
"prognostic",2,0.956,3.65999999999997
"prognostic",3,1.021,4.51999999999995
"prognostic",5,1.078,5.97999999999992
"mahalanobis",1,1.399,6.5399999999999
"mahalanobis",2,1.369,5.99999999999992
"mahalanobis",3,1.3,6.6099999999999
"mahalanobis",5,1.205,6.5999999999999
"propensity",1,0.784,1.97
"propensity",2,0.751,2.27
"propensity",3,0.732,2.36999999999999
"propensity",5,0.781,2.63999999999999
"prognostic",1,0.618,1.75
"prognostic",2,0.822,3.63999999999997
"prognostic",3,0.799,2.93999999999998
"prognostic",5,0.775,3.64999999999997
"mahalanobis",1,1.12,3.18999999999998
"mahalanobis",2,1.055,3.86999999999996
"mahalanobis",3,1.082,4.70999999999994
"mahalanobis",5,0.97,4.51999999999995
"propensity",1,0.912,2.38999999999999
"propensity",2,0.819,2.72999999999999
"propensity",3,0.818,2.94999999999998
"propensity",5,0.835,3.21999999999997
"prognostic",1,0.882,2.89999999999998
"prognostic",2,0.864,3.29999999999997
"prognostic",3,0.891,3.74999999999996
"prognostic",5,0.85,3.91999999999996
"mahalanobis",1,0.976,2.83999999999998
"mahalanobis",2,0.955,3.22999999999997
"mahalanobis",3,0.965,3.43999999999997
"mahalanobis",5,0.992,4.25999999999995
"propensity",1,0.813,2.77999999999998
"propensity",2,0.969,3.72999999999996
"propensity",3,0.968,4.02999999999996
"propensity",5,0.947,4.73999999999994
"prognostic",1,0.869,2.78999999999998
"prognostic",2,1.069,4.83999999999994
"prognostic",3,1.014,4.80999999999994
"prognostic",5,1.017,5.65999999999992
"mahalanobis",1,1.042,2.96999999999998
"mahalanobis",2,1.097,3.97999999999996
"mahalanobis",3,1.156,5.20999999999993
"mahalanobis",5,1.134,5.02999999999994
"propensity",1,1.188,3.28999999999997
"propensity",2,1.051,3.42999999999997
"propensity",3,1.087,3.94999999999996
"propensity",5,1.13,5.17999999999993
"prognostic",1,1.031,3.77999999999996
"prognostic",2,1.058,4.34999999999995
"prognostic",3,1.078,5.29999999999993
"prognostic",5,1.155,6.8099999999999
"mahalanobis",1,1.284,4.26999999999995
"mahalanobis",2,1.241,4.80999999999994
"mahalanobis",3,1.252,5.37999999999993
"mahalanobis",5,1.339,7.08999999999989
"propensity",1,0.987,2.76999999999998
"propensity",2,1.003,3.75999999999996
"propensity",3,0.938,3.88999999999996
"propensity",5,0.97,4.75999999999994
"prognostic",1,0.923,2.66999999999999
"prognostic",2,0.993,3.78999999999996
"prognostic",3,0.962,4.68999999999994
"prognostic",5,1.005,5.32999999999993
"mahalanobis",1,1.191,4.72999999999994
"mahalanobis",2,1.09,5.04999999999994
"mahalanobis",3,1.139,5.80999999999992
"mahalanobis",5,1.145,6.6399999999999
"propensity",1,0.838,2.26
"propensity",2,0.858,2.59999999999999
"propensity",3,0.9,3.05999999999998
"propensity",5,0.948,3.83999999999996
"prognostic",1,0.85,2.56999999999999
"prognostic",2,1.079,3.95999999999996
"prognostic",3,0.966,4.26999999999995
"prognostic",5,1.002,5.46999999999993
"mahalanobis",1,1.045,2.89999999999998
"mahalanobis",2,1.086,4.27999999999995
"mahalanobis",3,1.135,4.89999999999994
"mahalanobis",5,1.098,5.61999999999992
"propensity",1,1.007,3.09999999999998
"propensity",2,1.114,4.30999999999995
"propensity",3,1.119,5.26999999999993
"propensity",5,1.13,5.53999999999993
"prognostic",1,1.078,4.25999999999995
"prognostic",2,1.12,5.26999999999993
"prognostic",3,1.069,5.32999999999993
"prognostic",5,1.134,6.5199999999999
"mahalanobis",1,1.271,5.00999999999994
"mahalanobis",2,1.198,5.76999999999992
"mahalanobis",3,1.208,6.47999999999991
"mahalanobis",5,1.196,6.7799999999999
"propensity",1,0.935,3.30999999999997
"propensity",2,0.948,3.95999999999996
"propensity",3,0.923,4.08999999999996
"propensity",5,0.932,4.85999999999994
"prognostic",1,0.969,2.94999999999998
"prognostic",2,0.863,3.39999999999997
"prognostic",3,1.05,5.28999999999993
"prognostic",5,0.975,5.08999999999994
"mahalanobis",1,1.077,4.15999999999995
"mahalanobis",2,1.097,5.19999999999993
"mahalanobis",3,1.003,4.73999999999994
"mahalanobis",5,0.997,4.87999999999994
