"method","k","estimate","gamma"
"propensity",1,0.899,2.34999999999999
"propensity",2,0.93,2.66999999999999
"propensity",3,0.978,3.33999999999997
"propensity",5,0.956,3.82999999999996
"prognostic",1,1.044,5.31999999999993
"prognostic",2,0.949,3.20999999999998
"prognostic",3,0.991,4.36999999999995
"prognostic",5,1.009,5.99999999999992
"mahalanobis",1,1.019,3.03999999999998
"mahalanobis",2,1.049,3.92999999999996
"mahalanobis",3,1.089,4.58999999999995
"mahalanobis",5,1.161,5.84999999999992
"propensity",1,1.042,2.73999999999999
"propensity",2,1.054,3.32999999999997
"propensity",3,1.05,3.82999999999996
"propensity",5,1.026,4.43999999999995
"prognostic",1,1.071,4.58999999999995
"prognostic",2,0.944,4.39999999999995
"prognostic",3,1.103,5.28999999999993
"prognostic",5,1.016,5.29999999999993
"mahalanobis",1,1.134,3.47999999999997
"mahalanobis",2,1.135,4.64999999999994
"mahalanobis",3,1.186,5.81999999999992
"mahalanobis",5,1.196,6.4999999999999
"propensity",1,1.125,2.85999999999998
"propensity",2,1.136,3.54999999999997
"propensity",3,1.121,3.72999999999996
"propensity",5,1.108,3.85999999999996
"prognostic",1,1.014,3.38999999999997
"prognostic",2,1.014,3.61999999999997
"prognostic",3,1.008,4.42999999999995
"prognostic",5,1.033,5.18999999999993
"mahalanobis",1,1.208,4.12999999999996
"mahalanobis",2,1.252,5.38999999999993
"mahalanobis",3,1.212,5.67999999999992
"mahalanobis",5,1.134,5.76999999999992
"propensity",1,0.895,1.79
"propensity",2,1.076,2.59999999999999
"propensity",3,1.117,2.99999999999998
"propensity",5,1.092,3.49999999999997
"prognostic",1,0.93,2.97999999999998
"prognostic",2,1.137,4.94999999999994
"prognostic",3,0.944,4.12999999999996
"prognostic",5,1.028,5.51999999999993
"mahalanobis",1,1.121,3.04999999999998
"mahalanobis",2,0.924,3.08999999999998
"mahalanobis",3,0.934,3.55999999999997
"mahalanobis",5,0.976,4.10999999999996
"propensity",1,1.275,3.13999999999998
"propensity",2,1.243,3.88999999999996
"propensity",3,1.141,3.55999999999997
"propensity",5,1.193,4.37999999999995
"prognostic",1,1.184,3.75999999999996
"prognostic",2,1.317,5.46999999999993
"prognostic",3,1.299,5.38999999999993
"prognostic",5,1.319,8.53999999999986
"mahalanobis",1,1.461,5.55999999999993
"mahalanobis",2,1.439,6.5399999999999
"mahalanobis",3,1.475,7.75999999999988
"mahalanobis",5,1.422,8.10999999999987
"propensity",1,1.132,3.14999999999998
"propensity",2,1.085,3.73999999999996
"propensity",3,1.04,3.77999999999996
"propensity",5,1.05,4.15999999999995
"prognostic",1,1.134,4.25999999999995
"prognostic",2,1.168,6.7399999999999
"prognostic",3,1.077,5.44999999999993
"prognostic",5,1.144,7.08999999999989
"mahalanobis",1,0.991,2.86999999999998
"mahalanobis",2,1.093,4.30999999999995
"mahalanobis",3,1.111,5.21999999999993
"mahalanobis",5,1.194,6.5399999999999
"propensity",1,1.031,2.56999999999999
"propensity",2,0.98,2.72999999999999
"propensity",3,0.982,2.96999999999998
"propensity",5,0.989,3.27999999999997
"prognostic",1,1.097,3.25999999999997
"prognostic",2,0.873,2.95999999999998
"prognostic",3,0.946,4.00999999999996
"prognostic",5,1.031,6.19999999999991
"mahalanobis",1,0.852,2.21
"mahalanobis",2,1.005,3.18999999999998
"mahalanobis",3,0.96,3.52999999999997
"mahalanobis",5,1.006,4.27999999999995
"propensity",1,0.76,1.51
"propensity",2,0.826,1.98
"propensity",3,0.907,2.53999999999999
"propensity",5,0.941,3.04999999999998
"prognostic",1,1.18,3.75999999999996
"prognostic",2,0.935,3.63999999999997
"prognostic",3,1.004,4.60999999999995
"prognostic",5,0.866,3.71999999999996
"mahalanobis",1,0.91,2.85999999999998
"mahalanobis",2,0.935,3.69999999999996
"mahalanobis",3,0.981,4.48999999999995
"mahalanobis",5,1.033,5.66999999999992
"propensity",1,0.814,1.86
"propensity",2,0.854,2.34999999999999
"propensity",3,0.905,2.64999999999999
"propensity",5,0.912,3.15999999999998
"prognostic",1,0.849,2.56999999999999
"prognostic",2,0.827,3.02999999999998
"prognostic",3,0.912,3.82999999999996
"prognostic",5,0.863,4.37999999999995
"mahalanobis",1,1.086,3.88999999999996
"mahalanobis",2,1.096,4.41999999999995
"mahalanobis",3,1.046,4.20999999999995
"mahalanobis",5,0.998,4.24999999999995
"propensity",1,1.157,3.04999999999998
"propensity",2,1.106,3.81999999999996
"propensity",3,1.137,4.51999999999995
"propensity",5,1.143,5.21999999999993
"prognostic",1,1.123,4.61999999999995
"prognostic",2,1.117,5.77999999999992
"prognostic",3,1.069,5.93999999999992
"prognostic",5,1.101,6.6799999999999
"mahalanobis",1,1.054,3.93999999999996
"mahalanobis",2,1.059,4.36999999999995
"mahalanobis",3,1.003,4.50999999999995
"mahalanobis",5,1.09,6.17999999999991
