"method","k","estimate","gamma"
"propensity",1,1.176,2.49999999999999
"propensity",2,1.243,3.39999999999997
"propensity",3,1.166,3.58999999999997
"propensity",5,1.254,4.62999999999994
"prognostic",1,1.192,4.51999999999995
"prognostic",2,1.233,5.00999999999994
"prognostic",3,1.287,7.46999999999988
"prognostic",5,1.257,7.51999999999988
"mahalanobis",1,1.147,4.17999999999995
"mahalanobis",2,1.075,4.13999999999996
"mahalanobis",3,1.167,4.99999999999994
"mahalanobis",5,1.176,6.21999999999991
"propensity",1,1.131,2.68999999999999
"propensity",2,1.055,3.09999999999998
"propensity",3,1.043,3.42999999999997
"propensity",5,1.041,3.62999999999997
"prognostic",1,1.192,3.81999999999996
"prognostic",2,1.083,4.96999999999994
"prognostic",3,0.968,4.42999999999995
"prognostic",5,1.05,5.52999999999993
"mahalanobis",1,1.113,3.24999999999997
"mahalanobis",2,1.188,4.34999999999995
"mahalanobis",3,1.155,4.60999999999995
"mahalanobis",5,1.088,5.02999999999994
"propensity",1,1.045,2.02
"propensity",2,0.929,2.29999999999999
"propensity",3,0.98,2.77999999999998
"propensity",5,1.057,3.47999999999997
"prognostic",1,1.173,3.09999999999998
"prognostic",2,1.114,5.07999999999994
"prognostic",3,1.065,5.24999999999993
"prognostic",5,1.006,5.84999999999992
"mahalanobis",1,1.029,3.74999999999996
"mahalanobis",2,1.005,4.07999999999996
"mahalanobis",3,1.019,4.47999999999995
"mahalanobis",5,1.052,5.38999999999993
"propensity",1,0.998,2.39999999999999
"propensity",2,1.005,2.88999999999998
"propensity",3,0.965,3.00999999999998
"propensity",5,0.941,3.08999999999998
"prognostic",1,1.084,3.27999999999997
"prognostic",2,0.923,3.79999999999996
"prognostic",3,0.922,3.81999999999996
"prognostic",5,0.864,4.41999999999995
"mahalanobis",1,1.046,3.23999999999997
"mahalanobis",2,0.901,3.40999999999997
"mahalanobis",3,0.975,4.12999999999996
"mahalanobis",5,0.944,4.31999999999995
"propensity",1,1.151,2.68999999999999
"propensity",2,1.068,2.93999999999998
"propensity",3,1.01,3.01999999999998
"propensity",5,1.034,3.70999999999996
"prognostic",1,1.012,2.96999999999998
"prognostic",2,0.919,3.32999999999997
"prognostic",3,1.079,6.24999999999991
"prognostic",5,1.089,6.27999999999991
"mahalanobis",1,1.109,4.16999999999995
"mahalanobis",2,1.104,4.59999999999995
"mahalanobis",3,1.194,6.09999999999991
"mahalanobis",5,1.207,6.9399999999999
"propensity",1,1.042,2.33999999999999
"propensity",2,1.139,2.81999999999998
"propensity",3,1.14,3.34999999999997
"propensity",5,1.192,4.02999999999996
"prognostic",1,1.105,4.11999999999996
"prognostic",2,1.209,5.19999999999993
"prognostic",3,1.214,5.93999999999992
"prognostic",5,1.207,7.88999999999988
"mahalanobis",1,1.149,3.90999999999996
"mahalanobis",2,1.259,6.38999999999991
"mahalanobis",3,1.259,6.07999999999991
"mahalanobis",5,1.232,6.8899999999999
"propensity",1,0.972,2.23
"propensity",2,1.086,2.99999999999998
"propensity",3,1.037,3.48999999999997
"propensity",5,1.07,3.86999999999996
"prognostic",1,1.227,4.32999999999995
"prognostic",2,1.139,4.88999999999994
"prognostic",3,1.025,4.34999999999995
"prognostic",5,1.035,5.50999999999993
"mahalanobis",1,1.067,3.43999999999997
"mahalanobis",2,1.011,3.78999999999996
"mahalanobis",3,1.033,4.16999999999995
"mahalanobis",5,1.102,5.18999999999993
"propensity",1,0.985,2.57999999999999
"propensity",2,0.974,2.75999999999998
"propensity",3,0.965,2.84999999999998
"propensity",5,0.953,2.90999999999998
"prognostic",1,0.957,3.76999999999996
"prognostic",2,0.924,3.57999999999997
"prognostic",3,0.87,3.73999999999996
"prognostic",5,0.884,4.60999999999995
"mahalanobis",1,1.078,3.37999999999997
"mahalanobis",2,1.032,4.42999999999995
"mahalanobis",3,0.939,4.07999999999996
"mahalanobis",5,0.886,3.95999999999996
"propensity",1,0.947,2.05
"propensity",2,0.906,2.31999999999999
"propensity",3,0.9,2.52999999999999
"propensity",5,0.972,2.94999999999998
"prognostic",1,1.029,2.97999999999998
"prognostic",2,0.958,3.11999999999998
"prognostic",3,1.005,3.77999999999996
"prognostic",5,0.985,4.69999999999994
"mahalanobis",1,0.916,2.49999999999999
"mahalanobis",2,1.045,3.76999999999996
"mahalanobis",3,0.976,3.65999999999997
"mahalanobis",5,0.939,3.95999999999996
"propensity",1,1.031,2.09
"propensity",2,0.911,2.41999999999999
"propensity",3,0.928,2.60999999999999
"propensity",5,0.861,2.53999999999999
"prognostic",1,0.781,1.99
"prognostic",2,0.81,2.87999999999998
"prognostic",3,0.817,3.45999999999997
"prognostic",5,0.913,4.14999999999996
"mahalanobis",1,1.007,3.24999999999997
"mahalanobis",2,0.867,3.10999999999998
"mahalanobis",3,0.891,3.49999999999997
"mahalanobis",5,0.897,3.83999999999996
