"method","k","estimate","gamma"
"propensity",1,1.259,2.38999999999999
"propensity",2,1.177,2.89999999999998
"propensity",3,1.102,2.80999999999998
"propensity",5,1.092,3.28999999999997
"prognostic",1,1.041,3.70999999999996
"prognostic",2,1.041,3.76999999999996
"prognostic",3,1.023,4.92999999999994
"prognostic",5,1.104,5.54999999999993
"mahalanobis",1,1.216,3.57999999999997
"mahalanobis",2,1.052,3.93999999999996
"mahalanobis",3,1.067,4.26999999999995
"mahalanobis",5,1.095,5.09999999999993
"propensity",1,0.824,1.52
"propensity",2,0.799,1.81
"propensity",3,0.823,2.07
"propensity",5,0.846,2.33999999999999
"prognostic",1,0.874,2.15
"prognostic",2,0.931,3.89999999999996
"prognostic",3,0.926,3.67999999999997
"prognostic",5,0.889,4.01999999999996
"mahalanobis",1,0.936,2.60999999999999
"mahalanobis",2,0.859,2.70999999999999
"mahalanobis",3,0.864,3.02999999999998
"mahalanobis",5,0.918,3.85999999999996
"propensity",1,1.025,2.35999999999999
"propensity",2,1.017,2.45999999999999
"propensity",3,1.005,2.73999999999999
"propensity",5,1.026,3.17999999999998
"prognostic",1,0.972,2.91999999999998
"prognostic",2,0.968,3.86999999999996
"prognostic",3,1.032,4.51999999999995
"prognostic",5,0.99,4.56999999999995
"mahalanobis",1,1.242,4.59999999999995
"mahalanobis",2,1.119,4.44999999999995
"mahalanobis",3,1.091,4.57999999999995
"mahalanobis",5,1.076,5.01999999999994
"propensity",1,1.098,2.43999999999999
"propensity",2,1.271,3.62999999999997
"propensity",3,1.22,3.87999999999996
"propensity",5,1.178,4.39999999999995
"prognostic",1,1.201,4.93999999999994
"prognostic",2,1.095,4.81999999999994
"prognostic",3,1.129,5.68999999999992
"prognostic",5,1.151,6.04999999999991
"mahalanobis",1,1.277,4.02999999999996
"mahalanobis",2,1.153,4.63999999999994
"mahalanobis",3,1.105,4.91999999999994
"mahalanobis",5,1.14,6.26999999999991
"propensity",1,0.907,1.87
"propensity",2,0.882,2.42999999999999
"propensity",3,0.985,2.99999999999998
"propensity",5,0.87,2.80999999999998
"prognostic",1,0.884,2.66999999999999
"prognostic",2,1.087,5.30999999999993
"prognostic",3,0.932,4.16999999999995
"prognostic",5,0.976,5.20999999999993
"mahalanobis",1,0.949,3.29999999999997
"mahalanobis",2,0.996,3.60999999999997
"mahalanobis",3,1.017,4.56999999999995
"mahalanobis",5,1,4.73999999999994
"propensity",1,1.233,3.10999999999998
"propensity",2,1.073,3.53999999999997
"propensity",3,1.059,3.58999999999997
"propensity",5,1.051,3.91999999999996
"prognostic",1,1.084,4.12999999999996
"prognostic",2,0.993,3.80999999999996
"prognostic",3,1.087,5.23999999999993
"prognostic",5,1.019,5.36999999999993
"mahalanobis",1,1.127,3.56999999999997
"mahalanobis",2,1.1,4.25999999999995
"mahalanobis",3,1.102,4.88999999999994
"mahalanobis",5,1.107,5.81999999999992
"propensity",1,0.862,1.96
"propensity",2,0.816,2.17
"propensity",3,0.834,2.39999999999999
"propensity",5,0.803,2.47999999999999
"prognostic",1,0.884,2.65999999999999
"prognostic",2,0.842,3.13999999999998
"prognostic",3,0.833,3.59999999999997
"prognostic",5,0.779,3.61999999999997
"mahalanobis",1,0.804,2.81999999999998
"mahalanobis",2,0.842,3.22999999999997
"mahalanobis",3,0.834,3.42999999999997
"mahalanobis",5,0.86,3.89999999999996
"propensity",1,1.054,2.94999999999998
"propensity",2,1.031,3.21999999999997
"propensity",3,1.002,3.41999999999997
"propensity",5,0.996,3.93999999999996
"prognostic",1,1.108,3.74999999999996
"prognostic",2,1.084,5.13999999999993
"prognostic",3,0.972,4.10999999999996
"prognostic",5,1.031,5.58999999999992
"mahalanobis",1,0.97,3.66999999999997
"mahalanobis",2,0.983,4.15999999999995
"mahalanobis",3,0.978,4.30999999999995
"mahalanobis",5,0.999,4.90999999999994
"propensity",1,0.734,1.67
"propensity",2,0.63,1.62
"propensity",3,0.755,2.01
"propensity",5,0.768,2.29999999999999
"prognostic",1,0.639,1.84
"prognostic",2,0.864,3.64999999999997
"prognostic",3,0.811,3.65999999999997
"prognostic",5,0.858,4.11999999999996
"mahalanobis",1,0.848,3.25999999999997
"mahalanobis",2,0.831,3.07999999999998
"mahalanobis",3,0.877,3.52999999999997
"mahalanobis",5,0.888,3.89999999999996
"propensity",1,0.92,2.25
"propensity",2,0.993,2.65999999999999
"propensity",3,0.923,2.56999999999999
"propensity",5,0.977,3.15999999999998
"prognostic",1,0.926,3.29999999999997
"prognostic",2,1.1,4.79999999999994
"prognostic",3,0.959,4.38999999999995
"prognostic",5,0.905,4.57999999999995
"mahalanobis",1,0.934,2.92999999999998
"mahalanobis",2,0.973,3.80999999999996
"mahalanobis",3,0.994,4.07999999999996
"mahalanobis",5,1.028,4.99999999999994
