"method","k","estimate","gamma"
"propensity",1,1.231,2.59999999999999
"propensity",2,1.111,2.82999999999998
"propensity",3,1.111,3.31999999999997
"propensity",5,1.127,3.80999999999996
"prognostic",1,1.066,3.19999999999998
"prognostic",2,1.058,4.38999999999995
"prognostic",3,1.103,5.35999999999993
"prognostic",5,1.229,8.52999999999986
"mahalanobis",1,1.389,4.88999999999994
"mahalanobis",2,1.193,4.68999999999994
"mahalanobis",3,1.132,5.06999999999994
"mahalanobis",5,1.159,6.34999999999991
"propensity",1,0.993,1.85
"propensity",2,1.054,2.49999999999999
"propensity",3,1.033,2.85999999999998
"propensity",5,1.032,3.21999999999997
"prognostic",1,1.171,3.51999999999997
"prognostic",2,1.084,3.97999999999996
"prognostic",3,1.064,4.79999999999994
"prognostic",5,1.034,4.91999999999994
"mahalanobis",1,0.977,2.83999999999998
"mahalanobis",2,1.088,4.11999999999996
"mahalanobis",3,1.061,4.30999999999995
"mahalanobis",5,1.044,4.86999999999994
"propensity",1,1.005,2.34999999999999
"propensity",2,1.008,2.87999999999998
"propensity",3,0.985,2.98999999999998
"propensity",5,0.957,3.13999999999998
"prognostic",1,1.231,4.28999999999995
"prognostic",2,1.076,4.90999999999994
"prognostic",3,1.128,6.47999999999991
"prognostic",5,1.079,6.19999999999991
"mahalanobis",1,0.99,2.68999999999999
"mahalanobis",2,1.065,3.78999999999996
"mahalanobis",3,1.024,4.07999999999996
"mahalanobis",5,1.138,5.49999999999993
"propensity",1,0.974,2.35999999999999
"propensity",2,0.93,2.55999999999999
"propensity",3,0.962,2.89999999999998
"propensity",5,0.945,3.13999999999998
"prognostic",1,1.039,4.38999999999995
"prognostic",2,0.954,4.41999999999995
"prognostic",3,1.046,5.21999999999993
"prognostic",5,0.967,5.71999999999992
"mahalanobis",1,1.073,4.19999999999995
"mahalanobis",2,1.03,4.09999999999996
"mahalanobis",3,0.975,4.05999999999996
"mahalanobis",5,1.024,4.96999999999994
"propensity",1,0.978,2.27999999999999
"propensity",2,0.991,2.60999999999999
"propensity",3,0.968,2.72999999999999
"propensity",5,1.032,3.38999999999997
"prognostic",1,1.118,4.27999999999995
"prognostic",2,0.919,3.27999999999997
"prognostic",3,1.027,4.78999999999994
"prognostic",5,1.04,5.32999999999993
"mahalanobis",1,0.99,2.87999999999998
"mahalanobis",2,0.953,3.28999999999997
"mahalanobis",3,0.991,3.70999999999996
"mahalanobis",5,1.024,4.52999999999995
"propensity",1,0.91,1.75
"propensity",2,0.944,2.18
"propensity",3,0.92,2.26
"propensity",5,0.8,2.13
"prognostic",1,0.816,2.50999999999999
"prognostic",2,0.973,3.62999999999997
"prognostic",3,0.944,3.90999999999996
"prognostic",5,0.847,3.71999999999996
"mahalanobis",1,0.78,2.09
"mahalanobis",2,0.79,2.41999999999999
"mahalanobis",3,0.82,2.85999999999998
"mahalanobis",5,0.891,3.41999999999997
"propensity",1,1.246,3.04999999999998
"propensity",2,1.09,2.67999999999999
"propensity",3,1.104,3.15999999999998
"propensity",5,1.115,3.76999999999996
"prognostic",1,1.119,3.78999999999996
"prognostic",2,1.174,4.89999999999994
"prognostic",3,1.149,5.82999999999992
"prognostic",5,1.188,6.7099999999999
"mahalanobis",1,1.337,5.10999999999993
"mahalanobis",2,1.27,5.99999999999992
"mahalanobis",3,1.245,6.7399999999999
"mahalanobis",5,1.19,6.11999999999991
"propensity",1,0.665,1.63
"propensity",2,0.811,2.21
"propensity",3,0.792,2.28999999999999
"propensity",5,0.801,2.51999999999999
"prognostic",1,0.791,2.07
"prognostic",2,0.818,2.47999999999999
"prognostic",3,0.77,2.48999999999999
"prognostic",5,0.856,3.24999999999997
"mahalanobis",1,0.884,2.49999999999999
"mahalanobis",2,0.821,2.64999999999999
"mahalanobis",3,0.824,2.82999999999998
"mahalanobis",5,0.771,2.89999999999998
"propensity",1,1.058,2.63999999999999
"propensity",2,0.991,2.74999999999998
"propensity",3,0.919,2.66999999999999
"propensity",5,0.909,2.77999999999998
"prognostic",1,0.932,2.82999999999998
"prognostic",2,0.826,2.83999999999998
"prognostic",3,0.918,4.10999999999996
"prognostic",5,0.907,4.62999999999994
"mahalanobis",1,1.052,3.46999999999997
"mahalanobis",2,0.963,3.90999999999996
"mahalanobis",3,0.976,4.50999999999995
"mahalanobis",5,1,4.98999999999994
"propensity",1,1.278,2.91999999999998
"propensity",2,1.208,3.41999999999997
"propensity",3,1.175,3.44999999999997
"propensity",5,1.143,3.78999999999996
"prognostic",1,1.054,3.52999999999997
"prognostic",2,1.137,4.85999999999994
"prognostic",3,1.086,4.85999999999994
"prognostic",5,1.137,6.22999999999991
"mahalanobis",1,0.945,2.77999999999998
"mahalanobis",2,1.079,4.10999999999996
"mahalanobis",3,1.023,3.94999999999996
"mahalanobis",5,1.071,5.23999999999993
