"method","k","estimate","gamma"
"propensity",1,1.008,2.80999999999998
"propensity",2,1.037,2.84999999999998
"propensity",3,1.099,3.75999999999996
"propensity",5,1.095,4.05999999999996
"prognostic",1,1.04,3.47999999999997
"prognostic",2,0.99,3.86999999999996
"prognostic",3,1.069,4.46999999999995
"prognostic",5,1.037,5.23999999999993
"mahalanobis",1,0.944,2.64999999999999
"mahalanobis",2,1.1,4.06999999999996
"mahalanobis",3,1.058,4.30999999999995
"mahalanobis",5,1.091,5.17999999999993
"propensity",1,0.609,1.49
"propensity",2,0.812,2.13
"propensity",3,0.885,2.69999999999999
"propensity",5,0.839,2.86999999999998
"prognostic",1,0.91,2.85999999999998
"prognostic",2,0.91,3.31999999999997
"prognostic",3,0.933,4.08999999999996
"prognostic",5,0.852,3.91999999999996
"mahalanobis",1,0.865,2.64999999999999
"mahalanobis",2,1.017,3.94999999999996
"mahalanobis",3,0.956,3.94999999999996
"mahalanobis",5,0.968,4.29999999999995
"propensity",1,0.991,2.32999999999999
"propensity",2,0.88,2.42999999999999
"propensity",3,0.922,2.84999999999998
"propensity",5,0.916,3.26999999999997
"prognostic",1,0.941,3.07999999999998
"prognostic",2,1.006,4.59999999999995
"prognostic",3,0.96,4.22999999999995
"prognostic",5,1.019,5.65999999999992
"mahalanobis",1,0.948,2.96999999999998
"mahalanobis",2,0.947,3.38999999999997
"mahalanobis",3,0.987,4.15999999999995
"mahalanobis",5,1.063,5.46999999999993
"propensity",1,0.999,2.47999999999999
"propensity",2,1.016,3.30999999999997
"propensity",3,1.02,3.74999999999996
"propensity",5,1.051,4.39999999999995
"prognostic",1,1.113,3.56999999999997
"prognostic",2,1.125,4.58999999999995
"prognostic",3,1.056,5.23999999999993
"prognostic",5,1.104,6.6399999999999
"mahalanobis",1,1.184,3.40999999999997
"mahalanobis",2,1.251,4.94999999999994
"mahalanobis",3,1.294,6.06999999999991
"mahalanobis",5,1.306,7.60999999999988
"propensity",1,0.927,2.57999999999999
"propensity",2,0.913,3.08999999999998
"propensity",3,0.886,3.14999999999998
"propensity",5,0.966,3.99999999999996
"prognostic",1,0.904,3.05999999999998
"prognostic",2,0.975,3.42999999999997
"prognostic",3,0.882,3.60999999999997
"prognostic",5,0.95,4.83999999999994
"mahalanobis",1,0.917,2.59999999999999
"mahalanobis",2,1.014,3.50999999999997
"mahalanobis",3,1.028,4.02999999999996
"mahalanobis",5,1.02,4.40999999999995
"propensity",1,0.912,2.14
"propensity",2,0.904,2.49999999999999
"propensity",3,0.954,2.80999999999998
"propensity",5,0.974,3.40999999999997
"prognostic",1,0.948,2.42999999999999
"prognostic",2,0.837,2.88999999999998
"prognostic",3,1.058,5.56999999999992
"prognostic",5,0.933,3.99999999999996
"mahalanobis",1,0.761,2.12
"mahalanobis",2,0.889,2.97999999999998
"mahalanobis",3,0.847,3.04999999999998
"mahalanobis",5,0.932,3.86999999999996
"propensity",1,1.065,3.04999999999998
"propensity",2,1.042,3.15999999999998
"propensity",3,1.023,3.38999999999997
"propensity",5,0.924,3.38999999999997
"prognostic",1,0.826,2.49999999999999
"prognostic",2,1.007,3.94999999999996
"prognostic",3,0.963,4.62999999999994
"prognostic",5,0.938,5.05999999999994
"mahalanobis",1,1.056,3.35999999999997
"mahalanobis",2,1.032,4.17999999999995
"mahalanobis",3,1.052,4.58999999999995
"mahalanobis",5,1.065,5.26999999999993
"propensity",1,0.73,1.88
"propensity",2,0.871,2.63999999999999
"propensity",3,0.925,3.07999999999998
"propensity",5,0.913,3.41999999999997
"prognostic",1,1.079,3.41999999999997
"prognostic",2,0.964,3.48999999999997
"prognostic",3,0.974,5.14999999999993
"prognostic",5,0.996,5.39999999999993
"mahalanobis",1,0.983,2.37999999999999
"mahalanobis",2,1.061,3.25999999999997
"mahalanobis",3,1.097,4.24999999999995
"mahalanobis",5,1.093,4.82999999999994
"propensity",1,0.931,1.96
"propensity",2,0.909,2.35999999999999
"propensity",3,0.889,2.52999999999999
"propensity",5,0.807,2.44999999999999
"prognostic",1,0.694,1.81
"prognostic",2,0.848,3.29999999999997
"prognostic",3,0.81,3.50999999999997
"prognostic",5,0.846,4.16999999999995
"mahalanobis",1,0.794,1.97
"mahalanobis",2,0.689,2.08
"mahalanobis",3,0.751,2.51999999999999
"mahalanobis",5,0.721,2.71999999999999
"propensity",1,0.931,2.07
"propensity",2,0.946,2.62999999999999
"propensity",3,0.924,2.88999999999998
"propensity",5,0.874,2.94999999999998
"prognostic",1,0.926,3.57999999999997
"prognostic",2,0.912,3.08999999999998
"prognostic",3,0.957,4.47999999999995
"prognostic",5,0.879,4.27999999999995
"mahalanobis",1,0.988,2.87999999999998
"mahalanobis",2,0.918,3.05999999999998
"mahalanobis",3,0.907,3.34999999999997
"mahalanobis",5,0.983,4.13999999999996
