"method","k","estimate","gamma"
"propensity",1,1.106,2.25
"propensity",2,0.987,2.43999999999999
"propensity",3,1.053,2.95999999999998
"propensity",5,0.963,3.00999999999998
"prognostic",1,1.086,3.45999999999997
"prognostic",2,1.051,4.04999999999996
"prognostic",3,1.092,5.32999999999993
"prognostic",5,1.022,5.05999999999994
"mahalanobis",1,1.114,3.42999999999997
"mahalanobis",2,1.173,5.06999999999994
"mahalanobis",3,1.147,5.71999999999992
"mahalanobis",5,1.104,5.60999999999992
"propensity",1,1.262,2.78999999999998
"propensity",2,1.118,3.34999999999997
"propensity",3,1.092,3.52999999999997
"propensity",5,1.102,3.92999999999996
"prognostic",1,1.055,3.27999999999997
"prognostic",2,1.182,5.65999999999992
"prognostic",3,1.1,5.90999999999992
"prognostic",5,1.035,5.37999999999993
"mahalanobis",1,1.116,4.47999999999995
"mahalanobis",2,1.109,4.98999999999994
"mahalanobis",3,1.129,5.66999999999992
"mahalanobis",5,1.151,6.6799999999999
"propensity",1,0.989,2.14
"propensity",2,1.068,2.89999999999998
"propensity",3,1.059,3.19999999999998
"propensity",5,1.076,3.73999999999996
"prognostic",1,1.106,4.13999999999996
"prognostic",2,1.072,4.43999999999995
"prognostic",3,1.029,5.21999999999993
"prognostic",5,1.038,5.80999999999992
"mahalanobis",1,1.002,2.98999999999998
"mahalanobis",2,0.992,3.69999999999996
"mahalanobis",3,1.035,4.53999999999995
"mahalanobis",5,1.038,4.81999999999994
"propensity",1,0.791,1.68
"propensity",2,0.959,2.36999999999999
"propensity",3,0.874,2.39999999999999
"propensity",5,0.882,2.64999999999999
"prognostic",1,1.126,3.74999999999996
"prognostic",2,0.878,2.95999999999998
"prognostic",3,0.977,4.50999999999995
"prognostic",5,0.922,4.26999999999995
"mahalanobis",1,0.958,3.35999999999997
"mahalanobis",2,0.918,3.49999999999997
"mahalanobis",3,0.992,4.39999999999995
"mahalanobis",5,0.946,4.41999999999995
"propensity",1,1.243,2.88999999999998
"propensity",2,1.107,3.09999999999998
"propensity",3,1.04,3.21999999999997
"propensity",5,1.003,3.58999999999997
"prognostic",1,0.91,2.90999999999998
"prognostic",2,0.899,2.84999999999998
"prognostic",3,0.922,3.59999999999997
"prognostic",5,1.039,5.24999999999993
"mahalanobis",1,0.965,2.90999999999998
"mahalanobis",2,0.921,3.47999999999997
"mahalanobis",3,0.94,3.75999999999996
"mahalanobis",5,1.004,4.79999999999994
"propensity",1,0.817,2.25
"propensity",2,0.892,2.63999999999999
"propensity",3,0.933,3.09999999999998
"propensity",5,0.941,3.10999999999998
"prognostic",1,0.999,3.77999999999996
"prognostic",2,0.917,3.59999999999997
"prognostic",3,1.013,6.03999999999991
"prognostic",5,0.987,5.85999999999992
"mahalanobis",1,1.02,3.10999999999998
"mahalanobis",2,0.974,3.56999999999997
"mahalanobis",3,1.042,4.49999999999995
"mahalanobis",5,1.132,5.80999999999992
"propensity",1,1.37,3.06999999999998
"propensity",2,1.202,3.05999999999998
"propensity",3,1.258,3.86999999999996
"propensity",5,1.298,4.54999999999995
"prognostic",1,1.463,6.30999999999991
"prognostic",2,1.251,5.39999999999993
"prognostic",3,1.221,5.66999999999992
"prognostic",5,1.259,8.33999999999987
"mahalanobis",1,1.331,4.69999999999994
"mahalanobis",2,1.166,4.72999999999994
"mahalanobis",3,1.135,4.93999999999994
"mahalanobis",5,1.164,6.02999999999991
"propensity",1,0.919,2.22
"propensity",2,0.958,2.74999999999998
"propensity",3,0.945,2.91999999999998
"propensity",5,1.02,3.44999999999997
"prognostic",1,0.871,2.55999999999999
"prognostic",2,0.996,4.20999999999995
"prognostic",3,0.928,4.42999999999995
"prognostic",5,0.982,5.50999999999993
"mahalanobis",1,0.804,2.88999999999998
"mahalanobis",2,0.935,3.72999999999996
"mahalanobis",3,0.922,3.86999999999996
"mahalanobis",5,0.905,4.18999999999995
"propensity",1,1.031,2.33999999999999
"propensity",2,0.961,2.78999999999998
"propensity",3,1.003,3.34999999999997
"propensity",5,0.958,3.39999999999997
"prognostic",1,0.964,3.52999999999997
"prognostic",2,0.889,3.29999999999997
"prognostic",3,0.998,4.87999999999994
"prognostic",5,1.021,5.52999999999993
"mahalanobis",1,1.005,3.07999999999998
"mahalanobis",2,1.052,3.91999999999996
"mahalanobis",3,1.037,4.34999999999995
"mahalanobis",5,1.075,5.28999999999993
"propensity",1,0.816,1.77
"propensity",2,0.915,2.45999999999999
"propensity",3,0.9,2.56999999999999
"propensity",5,0.937,3.08999999999998
"prognostic",1,0.945,3.37999999999997
"prognostic",2,0.925,3.85999999999996
"prognostic",3,0.987,5.53999999999993
"prognostic",5,0.981,5.23999999999993
"mahalanobis",1,1.009,3.07999999999998
"mahalanobis",2,1.017,3.96999999999996
"mahalanobis",3,1.012,3.99999999999996
"mahalanobis",5,1.007,4.73999999999994
