"method","k","estimate","gamma"
"propensity",1,1.137,2.64999999999999
"propensity",2,1.242,4.09999999999996
"propensity",3,1.258,5.03999999999994
"propensity",5,1.206,5.37999999999993
"prognostic",1,1.156,3.51999999999997
"prognostic",2,1.034,4.00999999999996
"prognostic",3,1.085,4.67999999999994
"prognostic",5,1.075,5.73999999999992
"mahalanobis",1,1.216,4.31999999999995
"mahalanobis",2,1.196,4.96999999999994
"mahalanobis",3,1.186,5.74999999999992
"mahalanobis",5,1.165,6.7899999999999
"propensity",1,0.729,1.76
"propensity",2,0.885,2.69999999999999
"propensity",3,0.925,3.07999999999998
"propensity",5,1.001,3.71999999999996
"prognostic",1,0.999,3.10999999999998
"prognostic",2,1.084,4.72999999999994
"prognostic",3,1.028,5.21999999999993
"prognostic",5,1.051,6.04999999999991
"mahalanobis",1,1.264,4.03999999999996
"mahalanobis",2,1.162,4.65999999999994
"mahalanobis",3,1.15,4.75999999999994
"mahalanobis",5,1.094,5.27999999999993
"propensity",1,0.998,2.15
"propensity",2,1.003,2.49999999999999
"propensity",3,1.048,3.10999999999998
"propensity",5,1.025,3.10999999999998
"prognostic",1,0.871,2.30999999999999
"prognostic",2,0.902,4.17999999999995
"prognostic",3,0.941,4.23999999999995
"prognostic",5,0.929,4.85999999999994
"mahalanobis",1,0.922,2.61999999999999
"mahalanobis",2,0.923,3.20999999999998
"mahalanobis",3,0.935,3.60999999999997
"mahalanobis",5,0.957,4.17999999999995
"propensity",1,0.987,2.21
"propensity",2,0.994,2.71999999999999
"propensity",3,1.099,3.54999999999997
"propensity",5,1.068,3.87999999999996
"prognostic",1,1.168,3.65999999999997
"prognostic",2,1,3.82999999999996
"prognostic",3,1.084,4.78999999999994
"prognostic",5,1.051,5.48999999999993
"mahalanobis",1,1.119,3.35999999999997
"mahalanobis",2,1.142,4.60999999999995
"mahalanobis",3,1.157,5.32999999999993
"mahalanobis",5,1.173,6.20999999999991
"propensity",1,1.084,2.08
"propensity",2,0.985,2.50999999999999
"propensity",3,1.047,2.95999999999998
"propensity",5,1.04,3.24999999999997
"prognostic",1,1.099,3.53999999999997
"prognostic",2,0.993,3.73999999999996
"prognostic",3,0.985,4.57999999999995
"prognostic",5,0.965,4.67999999999994
"mahalanobis",1,1.098,3.15999999999998
"mahalanobis",2,1.011,3.45999999999997
"mahalanobis",3,1.032,4.08999999999996
"mahalanobis",5,1.03,4.56999999999995
"propensity",1,1.154,3.00999999999998
"propensity",2,1.045,2.75999999999998
"propensity",3,1.008,2.89999999999998
"propensity",5,1.056,3.42999999999997
"prognostic",1,1.007,3.30999999999997
"prognostic",2,0.987,4.19999999999995
"prognostic",3,1.019,4.29999999999995
"prognostic",5,0.992,5.17999999999993
"mahalanobis",1,0.99,2.84999999999998
"mahalanobis",2,1.085,4.40999999999995
"mahalanobis",3,1.073,4.70999999999994
"mahalanobis",5,1.081,5.53999999999993
"propensity",1,1.142,2.58999999999999
"propensity",2,1.143,3.13999999999998
"propensity",3,1.101,3.37999999999997
"propensity",5,1.103,3.72999999999996
"prognostic",1,1.07,3.63999999999997
"prognostic",2,1.115,5.50999999999993
"prognostic",3,1.051,5.26999999999993
"prognostic",5,1.025,5.97999999999992
"mahalanobis",1,1.017,2.80999999999998
"mahalanobis",2,1.104,4.04999999999996
"mahalanobis",3,1.145,4.82999999999994
"mahalanobis",5,1.123,5.44999999999993
"propensity",1,1.156,2.32999999999999
"propensity",2,1.167,3.15999999999998
"propensity",3,1.187,3.77999999999996
"propensity",5,1.166,4.22999999999995
"prognostic",1,1.111,3.46999999999997
"prognostic",2,1.153,5.10999999999993
"prognostic",3,1.197,5.64999999999992
"prognostic",5,1.195,6.99999999999989
"mahalanobis",1,1.309,4.08999999999996
"mahalanobis",2,1.326,5.48999999999993
"mahalanobis",3,1.332,6.48999999999991
"mahalanobis",5,1.296,6.41999999999991
"propensity",1,0.891,1.98
"propensity",2,0.927,2.49999999999999
"propensity",3,0.908,2.64999999999999
"propensity",5,0.88,2.99999999999998
"prognostic",1,0.845,2.84999999999998
"prognostic",2,0.919,3.64999999999997
"prognostic",3,0.845,3.27999999999997
"prognostic",5,0.913,3.98999999999996
"mahalanobis",1,1.03,3.61999999999997
"mahalanobis",2,1.048,3.88999999999996
"mahalanobis",3,0.987,3.63999999999997
"mahalanobis",5,0.996,4.05999999999996
"propensity",1,0.969,2.34999999999999
"propensity",2,0.958,2.92999999999998
"propensity",3,0.966,3.17999999999998
"propensity",5,0.954,3.30999999999997
"prognostic",1,1.151,3.74999999999996
"prognostic",2,0.879,3.60999999999997
"prognostic",3,1.021,4.68999999999994
"prognostic",5,1.042,5.88999999999992
"mahalanobis",1,1.053,3.07999999999998
"mahalanobis",2,1.019,3.80999999999996
"mahalanobis",3,1.073,4.65999999999994
"mahalanobis",5,1.072,5.36999999999993
