"method","k","estimate","gamma"
"propensity",1,1.11,3.07999999999998
"propensity",2,1.091,3.93999999999996
"propensity",3,1.076,4.14999999999996
"propensity",5,1.095,5.07999999999994
"prognostic",1,1.281,4.87999999999994
"prognostic",2,1.277,7.10999999999989
"prognostic",3,1.127,5.54999999999993
"prognostic",5,1.135,6.28999999999991
"mahalanobis",1,1.183,3.56999999999997
"mahalanobis",2,1.187,4.46999999999995
"mahalanobis",3,1.18,5.21999999999993
"mahalanobis",5,1.176,6.07999999999991
"propensity",1,1.159,3.07999999999998
"propensity",2,1.154,4.01999999999996
"propensity",3,1.167,4.36999999999995
"propensity",5,1.13,4.75999999999994
"prognostic",1,1.078,3.82999999999996
"prognostic",2,1.179,5.37999999999993
"prognostic",3,1.184,6.24999999999991
"prognostic",5,1.136,7.53999999999988
"mahalanobis",1,1.327,3.80999999999996
"mahalanobis",2,1.345,5.77999999999992
"mahalanobis",3,1.364,6.8899999999999
"mahalanobis",5,1.395,9.40999999999984
"propensity",1,1.227,3.58999999999997
"propensity",2,1.148,3.64999999999997
"propensity",3,1.17,4.45999999999995
"propensity",5,1.098,4.81999999999994
"prognostic",1,1.248,5.56999999999992
"prognostic",2,1.002,4.05999999999996
"prognostic",3,0.973,4.74999999999994
"prognostic",5,1.098,5.97999999999992
"mahalanobis",1,1.206,4.72999999999994
"mahalanobis",2,1.178,4.91999999999994
"mahalanobis",3,1.156,5.11999999999993
"mahalanobis",5,1.177,6.02999999999991
"propensity",1,1.05,2.56999999999999
"propensity",2,1.064,2.87999999999998
"propensity",3,1.055,3.19999999999998
"propensity",5,0.966,2.81999999999998
"prognostic",1,0.988,2.55999999999999
"prognostic",2,1.057,3.72999999999996
"prognostic",3,0.978,4.06999999999996
"prognostic",5,1.046,5.03999999999994
"mahalanobis",1,1.065,3.04999999999998
"mahalanobis",2,1.057,3.85999999999996
"mahalanobis",3,0.981,3.87999999999996
"mahalanobis",5,1.001,4.32999999999995
"propensity",1,0.893,2.27999999999999
"propensity",2,0.939,2.98999999999998
"propensity",3,0.922,2.95999999999998
"propensity",5,0.927,3.24999999999997
"prognostic",1,0.917,3.03999999999998
"prognostic",2,0.977,3.52999999999997
"prognostic",3,0.98,4.27999999999995
"prognostic",5,0.884,3.64999999999997
"mahalanobis",1,0.761,2.33999999999999
"mahalanobis",2,0.755,2.66999999999999
"mahalanobis",3,0.848,3.60999999999997
"mahalanobis",5,0.873,4.20999999999995
"propensity",1,1,2.89999999999998
"propensity",2,0.919,3.32999999999997
"propensity",3,1.005,4.12999999999996
"propensity",5,0.967,4.26999999999995
"prognostic",1,0.985,3.36999999999997
"prognostic",2,1.072,4.31999999999995
"prognostic",3,1.009,4.94999999999994
"prognostic",5,1.046,5.62999999999992
"mahalanobis",1,1.272,5.53999999999993
"mahalanobis",2,1.218,5.60999999999992
"mahalanobis",3,1.15,5.81999999999992
"mahalanobis",5,1.183,6.6299999999999
"propensity",1,1.199,2.94999999999998
"propensity",2,1.081,3.45999999999997
"propensity",3,1.082,3.78999999999996
"propensity",5,1.056,3.95999999999996
"prognostic",1,1.052,3.15999999999998
"prognostic",2,1.095,4.63999999999994
"prognostic",3,1.057,4.95999999999994
"prognostic",5,1.096,6.14999999999991
"mahalanobis",1,1.316,5.42999999999993
"mahalanobis",2,1.285,5.55999999999993
"mahalanobis",3,1.271,6.12999999999991
"mahalanobis",5,1.222,6.32999999999991
"propensity",1,0.881,2.53999999999999
"propensity",2,0.884,3.02999999999998
"propensity",3,0.898,3.61999999999997
"propensity",5,0.84,3.34999999999997
"prognostic",1,0.774,2.35999999999999
"prognostic",2,0.925,3.63999999999997
"prognostic",3,0.811,3.35999999999997
"prognostic",5,0.801,3.97999999999996
"mahalanobis",1,1.067,3.49999999999997
"mahalanobis",2,1.059,4.38999999999995
"mahalanobis",3,1.117,5.12999999999993
"mahalanobis",5,1.09,5.64999999999992
"propensity",1,0.93,2.2
"propensity",2,1.089,3.13999999999998
"propensity",3,1.061,3.46999999999997
"propensity",5,1.06,4.61999999999995
"prognostic",1,0.984,3.42999999999997
"prognostic",2,1.096,4.38999999999995
"prognostic",3,1.132,5.88999999999992
"prognostic",5,1.012,4.71999999999994
"mahalanobis",1,1.132,3.28999999999997
"mahalanobis",2,1.143,4.25999999999995
"mahalanobis",3,1.114,4.83999999999994
"mahalanobis",5,1.133,5.68999999999992
"propensity",1,1.187,2.77999999999998
"propensity",2,1.122,3.40999999999997
"propensity",3,1.056,3.55999999999997
"propensity",5,1.014,4.14999999999996
"prognostic",1,1.003,2.89999999999998
"prognostic",2,1.027,4.86999999999994
"prognostic",3,1.107,4.68999999999994
"prognostic",5,0.996,5.39999999999993
"mahalanobis",1,1.278,4.96999999999994
"mahalanobis",2,1.158,5.47999999999993
"mahalanobis",3,1.152,6.24999999999991
"mahalanobis",5,1.135,6.98999999999989
