"method","k","estimate","gamma"
"propensity",1,1.346,2.25
"propensity",2,1.287,2.68999999999999
"propensity",3,1.286,3.07999999999998
"propensity",4,1.227,3.37999999999997
"propensity",5,1.239,3.69999999999996
"propensity",6,1.124,3.00999999999998
"propensity",7,1.133,3.20999999999998
"propensity",8,1.081,3.02999999999998
"propensity",9,1.046,2.90999999999998
"propensity",10,1.029,2.93999999999998
"prognostic",1,1.153,2.67999999999999
"prognostic",2,1.068,2.92999999999998
"prognostic",3,0.963,2.46999999999999
"prognostic",4,1.094,3.32999999999997
"prognostic",5,1.055,3.42999999999997
"prognostic",6,1.031,3.53999999999997
"prognostic",7,1.027,3.93999999999996
"prognostic",8,1.034,4.13999999999996
"prognostic",9,1.084,4.51999999999995
"prognostic",10,1.038,4.23999999999995
"mahalanobis",1,0.931,2.18
"mahalanobis",2,1.035,3.26999999999997
"mahalanobis",3,1.066,3.74999999999996
"mahalanobis",4,1.075,4.18999999999995
"mahalanobis",5,0.99,3.84999999999996
"mahalanobis",6,1.022,3.89999999999996
"mahalanobis",7,1.017,3.93999999999996
"mahalanobis",8,1.068,4.43999999999995
"mahalanobis",9,1.083,4.47999999999995
"mahalanobis",10,1.085,4.50999999999995
"propensity",1,1.031,2.16
"propensity",2,1.208,3.35999999999997
"propensity",3,1.143,3.52999999999997
"propensity",4,1.035,2.96999999999998
"propensity",5,1.113,3.39999999999997
"propensity",6,1.119,3.62999999999997
"propensity",7,1.096,3.53999999999997
"propensity",8,1.043,3.33999999999997
"propensity",9,1.008,3.24999999999997
"propensity",10,1.002,3.27999999999997
"prognostic",1,1.213,2.49999999999999
"prognostic",2,1.074,3.14999999999998
"prognostic",3,0.817,2.76999999999998
"prognostic",4,1.11,4.24999999999995
"prognostic",5,1.046,4.87999999999994
"prognostic",6,0.962,3.97999999999996
"prognostic",7,1.054,4.31999999999995
"prognostic",8,1.078,4.51999999999995
"prognostic",9,0.993,4.15999999999995
"prognostic",10,1.117,4.97999999999994
"mahalanobis",1,0.962,1.96
"mahalanobis",2,0.902,2.42999999999999
"mahalanobis",3,1.042,3.17999999999998
"mahalanobis",4,1.087,3.62999999999997
"mahalanobis",5,1.082,3.93999999999996
"mahalanobis",6,1.074,3.65999999999997
"mahalanobis",7,1.153,4.26999999999995
"mahalanobis",8,1.133,4.24999999999995
"mahalanobis",9,1.145,4.66999999999994
"mahalanobis",10,1.167,4.86999999999994
"propensity",1,1.221,2.44999999999999
"propensity",2,1.162,3.17999999999998
"propensity",3,1.084,3.09999999999998
"propensity",4,1.07,3.05999999999998
"propensity",5,0.966,2.57999999999999
"propensity",6,0.939,2.41999999999999
"propensity",7,0.946,2.44999999999999
"propensity",8,0.954,2.53999999999999
"propensity",9,0.955,2.51999999999999
"propensity",10,0.966,2.63999999999999
"prognostic",1,0.914,1.87
"prognostic",2,0.738,1.7
"prognostic",3,1.037,3.05999999999998
"prognostic",4,0.938,3.76999999999996
"prognostic",5,1.037,4.67999999999994
"prognostic",6,0.826,2.34999999999999
"prognostic",7,0.897,3.38999999999997
"prognostic",8,0.924,3.65999999999997
"prognostic",9,0.991,3.95999999999996
"prognostic",10,0.912,3.17999999999998
"mahalanobis",1,0.942,2.96999999999998
"mahalanobis",2,0.977,3.56999999999997
"mahalanobis",3,0.891,2.98999999999998
"mahalanobis",4,0.851,2.80999999999998
"mahalanobis",5,0.865,2.83999999999998
"mahalanobis",6,0.931,3.22999999999997
"mahalanobis",7,0.941,3.39999999999997
"mahalanobis",8,0.981,3.83999999999996
"mahalanobis",9,0.97,3.83999999999996
"mahalanobis",10,0.952,3.71999999999996
"propensity",1,0.74,1.45
"propensity",2,0.885,2.55999999999999
"propensity",3,1.014,3.26999999999997
"propensity",4,0.946,2.87999999999998
"propensity",5,0.963,3.37999999999997
"propensity",6,0.955,3.64999999999997
"propensity",7,0.92,3.64999999999997
"propensity",8,0.947,4.02999999999996
"propensity",9,0.947,4.05999999999996
"propensity",10,0.937,3.98999999999996
"prognostic",1,1.068,2.65999999999999
"prognostic",2,0.829,2.1
"prognostic",3,0.894,2.45999999999999
"prognostic",4,0.991,3.77999999999996
"prognostic",5,1.031,3.88999999999996
"prognostic",6,0.986,4.10999999999996
"prognostic",7,0.976,3.69999999999996
"prognostic",8,0.953,3.93999999999996
"prognostic",9,0.972,3.84999999999996
"prognostic",10,0.941,3.85999999999996
"mahalanobis",1,0.967,2.18
"mahalanobis",2,0.918,2.34999999999999
"mahalanobis",3,0.967,2.91999999999998
"mahalanobis",4,1.028,3.56999999999997
"mahalanobis",5,1.052,3.65999999999997
"mahalanobis",6,1.075,3.95999999999996
"mahalanobis",7,1.105,4.21999999999995
"mahalanobis",8,1.115,4.22999999999995
"mahalanobis",9,1.116,4.33999999999995
"mahalanobis",10,1.118,4.32999999999995
"propensity",1,1.294,1.82
"propensity",2,1.145,1.86
"propensity",3,1.164,2.35999999999999
"propensity",4,1.136,2.61999999999999
"propensity",5,1.154,2.89999999999998
"propensity",6,1.177,3.05999999999998
"propensity",7,1.095,2.69999999999999
"propensity",8,1.112,2.82999999999998
"propensity",9,1.121,2.95999999999998
"propensity",10,1.079,2.87999999999998
"prognostic",1,0.93,2.13
"prognostic",2,1.074,2.25
"prognostic",3,0.877,2.15
"prognostic",4,1.105,3.16999999999998
"prognostic",5,1.02,3.87999999999996
"prognostic",6,1.177,3.82999999999996
"prognostic",7,1.304,4.70999999999994
"prognostic",8,1.086,5.29999999999993
"prognostic",9,1.043,3.52999999999997
"prognostic",10,1.06,3.89999999999996
"mahalanobis",1,1.034,2.84999999999998
"mahalanobis",2,0.894,2.33999999999999
"mahalanobis",3,0.894,2.53999999999999
"mahalanobis",4,1,3.00999999999998
"mahalanobis",5,1.008,3.02999999999998
"mahalanobis",6,1.028,3.43999999999997
"mahalanobis",7,1.06,3.71999999999996
"mahalanobis",8,1.043,3.65999999999997
"mahalanobis",9,1.052,3.81999999999996
"mahalanobis",10,1.092,4.16999999999995
"propensity",1,1.717,3.33999999999997
"propensity",2,1.524,3.53999999999997
"propensity",3,1.411,4.28999999999995
"propensity",4,1.337,4.08999999999996
"propensity",5,1.26,3.45999999999997
"propensity",6,1.258,3.94999999999996
"propensity",7,1.288,4.25999999999995
"propensity",8,1.321,4.57999999999995
"propensity",9,1.298,4.36999999999995
"propensity",10,1.279,4.57999999999995
"prognostic",1,1.229,3.22999999999997
"prognostic",2,1.222,4.34999999999995
"prognostic",3,1.245,6.33999999999991
"prognostic",4,1.233,6.01999999999992
"prognostic",5,1.24,6.43999999999991
"prognostic",6,1.293,8.04999999999987
"prognostic",7,1.227,8.30999999999987
"prognostic",8,1.27,6.99999999999989
"prognostic",9,1.321,9.33999999999985
"prognostic",10,1.238,7.12999999999989
"mahalanobis",1,1.446,4.31999999999995
"mahalanobis",2,1.402,5.88999999999992
"mahalanobis",3,1.382,6.47999999999991
"mahalanobis",4,1.405,7.46999999999988
"mahalanobis",5,1.378,7.21999999999989
"mahalanobis",6,1.37,7.23999999999989
"mahalanobis",7,1.356,7.49999999999988
"mahalanobis",8,1.323,7.42999999999989
"mahalanobis",9,1.31,7.38999999999989
"mahalanobis",10,1.301,6.8399999999999
"propensity",1,0.854,1.79
"propensity",2,0.941,2.06
"propensity",3,0.805,1.86
"propensity",4,0.811,2.05
"propensity",5,0.873,2.38999999999999
"propensity",6,0.863,2.25
"propensity",7,0.858,2.27
"propensity",8,0.819,2.11
"propensity",9,0.848,2.31999999999999
"propensity",10,0.817,2.2
"prognostic",1,0.537,1.09
"prognostic",2,0.721,1.56
"prognostic",3,0.732,2.04
"prognostic",4,0.982,2.75999999999998
"prognostic",5,0.949,2.71999999999999
"prognostic",6,0.992,3.95999999999996
"prognostic",7,1.055,4.64999999999994
"prognostic",8,0.925,2.97999999999998
"prognostic",9,0.909,3.39999999999997
"prognostic",10,0.928,3.36999999999997
"mahalanobis",1,0.801,1.81
"mahalanobis",2,0.856,2.51999999999999
"mahalanobis",3,0.875,2.95999999999998
"mahalanobis",4,0.873,2.92999999999998
"mahalanobis",5,0.879,3.20999999999998
"mahalanobis",6,0.903,3.39999999999997
"mahalanobis",7,0.907,3.59999999999997
"mahalanobis",8,0.881,3.42999999999997
"mahalanobis",9,0.896,3.49999999999997
"mahalanobis",10,0.89,3.44999999999997
"propensity",1,1.11,3.01999999999998
"propensity",2,1.079,3.23999999999997
"propensity",3,0.999,3.12999999999998
"propensity",4,1.049,3.81999999999996
"propensity",5,1.07,3.60999999999997
"propensity",6,1.023,3.42999999999997
"propensity",7,1.094,4.08999999999996
"propensity",8,1.109,4.12999999999996
"propensity",9,1.133,4.39999999999995
"propensity",10,1.16,4.65999999999994
"prognostic",1,1.138,2.54999999999999
"prognostic",2,1.298,4.57999999999995
"prognostic",3,1.133,4.24999999999995
"prognostic",4,1.212,4.99999999999994
"prognostic",5,1.204,4.64999999999994
"prognostic",6,1.211,5.31999999999993
"prognostic",7,1.212,5.03999999999994
"prognostic",8,1.221,8.67999999999986
"prognostic",9,1.139,5.58999999999992
"prognostic",10,1.249,9.63999999999984
"mahalanobis",1,1.431,3.65999999999997
"mahalanobis",2,1.282,4.85999999999994
"mahalanobis",3,1.253,5.07999999999994
"mahalanobis",4,1.304,6.30999999999991
"mahalanobis",5,1.322,6.6899999999999
"mahalanobis",6,1.357,7.81999999999988
"mahalanobis",7,1.351,8.11999999999987
"mahalanobis",8,1.307,7.31999999999989
"mahalanobis",9,1.324,8.03999999999987
"mahalanobis",10,1.324,8.36999999999987
"propensity",1,1.447,2.89999999999998
"propensity",2,1.272,2.95999999999998
"propensity",3,1.031,2.11
"propensity",4,0.952,2.02
"propensity",5,0.954,2.02
"propensity",6,0.961,2.11
"propensity",7,0.905,1.99
"propensity",8,0.894,2.02
"propensity",9,0.897,2.09
"propensity",10,0.874,2.05
"prognostic",1,0.404,1
"prognostic",2,0.741,2.23
"prognostic",3,0.621,1.75
"prognostic",4,0.691,2.29999999999999
"prognostic",5,0.741,2.35999999999999
"prognostic",6,0.911,3.22999999999997
"prognostic",7,0.709,2.14
"prognostic",8,0.659,2.15
"prognostic",9,0.755,2.83999999999998
"prognostic",10,0.745,2.68999999999999
"mahalanobis",1,0.747,1.75
"mahalanobis",2,0.9,2.62999999999999
"mahalanobis",3,0.917,2.79999999999998
"mahalanobis",4,0.97,3.14999999999998
"mahalanobis",5,0.922,2.86999999999998
"mahalanobis",6,0.973,3.09999999999998
"mahalanobis",7,0.888,2.50999999999999
"mahalanobis",8,0.848,2.44999999999999
"mahalanobis",9,0.83,2.34999999999999
"mahalanobis",10,0.809,2.27999999999999
"propensity",1,1.154,2.13
"propensity",2,1.241,3.23999999999997
"propensity",3,1.2,4.00999999999996
"propensity",4,1.251,4.71999999999994
"propensity",5,1.298,5.33999999999993
"propensity",6,1.347,5.62999999999992
"propensity",7,1.345,5.69999999999992
"propensity",8,1.341,5.66999999999992
"propensity",9,1.305,5.35999999999993
"propensity",10,1.273,5.37999999999993
"prognostic",1,1.355,4.94999999999994
"prognostic",2,1.267,5.56999999999992
"prognostic",3,1.263,4.89999999999994
"prognostic",4,1.35,7.57999999999988
"prognostic",5,1.293,6.8999999999999
"prognostic",6,1.215,6.5899999999999
"prognostic",7,1.357,8.38999999999987
"prognostic",8,1.368,9.06999999999985
"prognostic",9,1.295,7.48999999999988
"prognostic",10,1.273,6.17999999999991
"mahalanobis",1,1.289,3.11999999999998
"mahalanobis",2,1.263,5.72999999999992
"mahalanobis",3,1.302,5.84999999999992
"mahalanobis",4,1.239,4.78999999999994
"mahalanobis",5,1.199,4.80999999999994
"mahalanobis",6,1.206,5.12999999999993
"mahalanobis",7,1.279,5.77999999999992
"mahalanobis",8,1.331,6.26999999999991
"mahalanobis",9,1.353,6.6999999999999
"mahalanobis",10,1.374,7.21999999999989
