"method","k","estimate","gamma"
"propensity",1,0.543,1.38
"propensity",2,0.465,1.27
"propensity",3,0.397,1.19
"propensity",4,0.425,1.27
"propensity",5,0.472,1.41
"propensity",6,0.478,1.39
"propensity",7,0.522,1.53
"propensity",8,0.534,1.6
"propensity",9,0.577,1.76
"propensity",10,0.572,1.72
"prognostic",1,0.357,1.03
"prognostic",2,0.49,1.48
"prognostic",3,0.697,1.89
"prognostic",4,0.526,1.6
"prognostic",5,0.575,1.92
"prognostic",6,0.558,1.77
"prognostic",7,0.514,1.72
"prognostic",8,0.514,1.65
"prognostic",9,0.562,1.86
"prognostic",10,0.578,1.99
"mahalanobis",1,0.683,1.53
"mahalanobis",2,0.8,2.38999999999999
"mahalanobis",3,0.703,2.22
"mahalanobis",4,0.669,2.23
"mahalanobis",5,0.7,2.33999999999999
"mahalanobis",6,0.718,2.51999999999999
"mahalanobis",7,0.706,2.54999999999999
"mahalanobis",8,0.719,2.57999999999999
"mahalanobis",9,0.697,2.35999999999999
"mahalanobis",10,0.71,2.45999999999999
"propensity",1,1.24,2.29999999999999
"propensity",2,1.241,3.34999999999997
"propensity",3,1.359,4.23999999999995
"propensity",4,1.273,3.92999999999996
"propensity",5,1.231,3.81999999999996
"propensity",6,1.253,4.03999999999996
"propensity",7,1.23,3.99999999999996
"propensity",8,1.251,4.31999999999995
"propensity",9,1.257,4.48999999999995
"propensity",10,1.267,4.51999999999995
"prognostic",1,1.549,2.74999999999998
"prognostic",2,1.397,3.55999999999997
"prognostic",3,1.139,3.39999999999997
"prognostic",4,1.273,4.55999999999995
"prognostic",5,1.383,5.95999999999992
"prognostic",6,1.24,4.78999999999994
"prognostic",7,1.214,4.60999999999995
"prognostic",8,1.372,6.6899999999999
"prognostic",9,1.287,7.31999999999989
"prognostic",10,1.343,7.27999999999989
"mahalanobis",1,1.104,2.34999999999999
"mahalanobis",2,1.426,4.48999999999995
"mahalanobis",3,1.426,5.91999999999992
"mahalanobis",4,1.42,7.05999999999989
"mahalanobis",5,1.43,7.18999999999989
"mahalanobis",6,1.432,8.06999999999987
"mahalanobis",7,1.447,8.59999999999986
"mahalanobis",8,1.446,9.54999999999984
"mahalanobis",9,1.433,9.66999999999984
"mahalanobis",10,1.445,10.1899999999998
"propensity",1,0.797,1.14
"propensity",2,1.014,2.09
"propensity",3,0.974,2.21
"propensity",4,0.997,2.35999999999999
"propensity",5,0.975,2.43999999999999
"propensity",6,0.952,2.45999999999999
"propensity",7,0.946,2.55999999999999
"propensity",8,0.981,2.74999999999998
"propensity",9,0.973,2.90999999999998
"propensity",10,0.954,2.82999999999998
"prognostic",1,1.103,1.89
"prognostic",2,1.147,3.09999999999998
"prognostic",3,0.923,2.90999999999998
"prognostic",4,0.997,2.90999999999998
"prognostic",5,1.003,4.10999999999996
"prognostic",6,0.954,3.81999999999996
"prognostic",7,0.959,3.17999999999998
"prognostic",8,1.021,4.35999999999995
"prognostic",9,0.96,3.89999999999996
"prognostic",10,1.01,4.27999999999995
"mahalanobis",1,1.116,2.12
"mahalanobis",2,1.121,3.01999999999998
"mahalanobis",3,1.148,3.80999999999996
"mahalanobis",4,1.127,3.70999999999996
"mahalanobis",5,1.112,3.83999999999996
"mahalanobis",6,1.093,3.71999999999996
"mahalanobis",7,1.141,4.06999999999996
"mahalanobis",8,1.132,4.28999999999995
"mahalanobis",9,1.138,4.51999999999995
"mahalanobis",10,1.162,4.82999999999994
"propensity",1,1.066,1.34
"propensity",2,0.945,1.58
"propensity",3,0.845,1.6
"propensity",4,0.939,2
"propensity",5,0.899,2.01
"propensity",6,0.882,2.12
"propensity",7,0.874,2.18
"propensity",8,0.917,2.36999999999999
"propensity",9,0.91,2.42999999999999
"propensity",10,0.903,2.40999999999999
"prognostic",1,0.742,1.56
"prognostic",2,0.68,1.81
"prognostic",3,0.89,2.75999999999998
"prognostic",4,0.827,2.29999999999999
"prognostic",5,0.992,2.99999999999998
"prognostic",6,0.908,3.12999999999998
"prognostic",7,0.781,2.54999999999999
"prognostic",8,0.848,3.10999999999998
"prognostic",9,0.908,2.80999999999998
"prognostic",10,0.925,3.27999999999997
"mahalanobis",1,0.88,1.66
"mahalanobis",2,0.913,2.33999999999999
"mahalanobis",3,0.912,2.48999999999999
"mahalanobis",4,0.92,2.59999999999999
"mahalanobis",5,0.807,2.25
"mahalanobis",6,0.845,2.45999999999999
"mahalanobis",7,0.899,2.70999999999999
"mahalanobis",8,0.92,2.92999999999998
"mahalanobis",9,0.916,2.99999999999998
"mahalanobis",10,0.934,3.16999999999998
"propensity",1,0.616,1.27
"propensity",2,0.9,2.27
"propensity",3,1.004,2.84999999999998
"propensity",4,0.941,2.45999999999999
"propensity",5,0.935,2.47999999999999
"propensity",6,0.94,2.60999999999999
"propensity",7,0.893,2.43999999999999
"propensity",8,0.914,2.48999999999999
"propensity",9,0.876,2.43999999999999
"propensity",10,0.9,2.49999999999999
"prognostic",1,1.008,3.32999999999997
"prognostic",2,1.254,4.34999999999995
"prognostic",3,1.128,4.35999999999995
"prognostic",4,0.877,3.13999999999998
"prognostic",5,0.802,2.90999999999998
"prognostic",6,0.936,3.26999999999997
"prognostic",7,0.963,3.52999999999997
"prognostic",8,0.963,4.15999999999995
"prognostic",9,0.976,3.85999999999996
"prognostic",10,0.91,3.60999999999997
"mahalanobis",1,1.038,3.15999999999998
"mahalanobis",2,1.123,4.60999999999995
"mahalanobis",3,1.181,5.49999999999993
"mahalanobis",4,1.155,5.15999999999993
"mahalanobis",5,1.162,5.52999999999993
"mahalanobis",6,1.172,5.66999999999992
"mahalanobis",7,1.133,5.57999999999992
"mahalanobis",8,1.165,5.91999999999992
"mahalanobis",9,1.164,6.01999999999992
"mahalanobis",10,1.143,5.81999999999992
"propensity",1,1.19,2.05
"propensity",2,1.096,2.41999999999999
"propensity",3,1.349,3.27999999999997
"propensity",4,1.272,3.37999999999997
"propensity",5,1.228,3.30999999999997
"propensity",6,1.209,3.49999999999997
"propensity",7,1.199,3.59999999999997
"propensity",8,1.155,3.63999999999997
"propensity",9,1.163,3.62999999999997
"propensity",10,1.171,3.68999999999996
"prognostic",1,1.016,2.59999999999999
"prognostic",2,0.985,2.31999999999999
"prognostic",3,1.301,4.90999999999994
"prognostic",4,1.067,3.08999999999998
"prognostic",5,1.206,4.80999999999994
"prognostic",6,1.104,5.43999999999993
"prognostic",7,1.163,4.95999999999994
"prognostic",8,1.175,4.78999999999994
"prognostic",9,1.047,5.72999999999992
"prognostic",10,1.129,4.74999999999994
"mahalanobis",1,1.476,2.81999999999998
"mahalanobis",2,1.427,4.62999999999994
"mahalanobis",3,1.237,4.47999999999995
"mahalanobis",4,1.152,4.53999999999995
"mahalanobis",5,1.176,5.44999999999993
"mahalanobis",6,1.105,4.32999999999995
"mahalanobis",7,1.117,4.20999999999995
"mahalanobis",8,1.12,4.22999999999995
"mahalanobis",9,1.144,4.65999999999994
"mahalanobis",10,1.133,4.50999999999995
"propensity",1,0.934,1.81
"propensity",2,0.89,1.94
"propensity",3,0.945,2.27
"propensity",4,0.977,2.60999999999999
"propensity",5,0.882,2.43999999999999
"propensity",6,0.881,2.47999999999999
"propensity",7,0.862,2.42999999999999
"propensity",8,0.883,2.42999999999999
"propensity",9,0.87,2.44999999999999
"propensity",10,0.864,2.43999999999999
"prognostic",1,0.695,1.48
"prognostic",2,1.026,2.94999999999998
"prognostic",3,0.921,2.85999999999998
"prognostic",4,0.968,3.25999999999997
"prognostic",5,0.886,2.68999999999999
"prognostic",6,0.855,2.81999999999998
"prognostic",7,0.954,3.67999999999997
"prognostic",8,0.914,3.31999999999997
"prognostic",9,0.885,3.48999999999997
"prognostic",10,0.868,3.40999999999997
"mahalanobis",1,1.034,2.93999999999998
"mahalanobis",2,1.068,3.41999999999997
"mahalanobis",3,1.011,3.04999999999998
"mahalanobis",4,0.961,2.92999999999998
"mahalanobis",5,0.908,2.75999999999998
"mahalanobis",6,0.919,2.93999999999998
"mahalanobis",7,0.881,3.03999999999998
"mahalanobis",8,0.914,3.18999999999998
"mahalanobis",9,0.944,3.30999999999997
"mahalanobis",10,0.997,3.55999999999997
"propensity",1,1.232,2.17
"propensity",2,1.19,2.64999999999999
"propensity",3,1.376,3.90999999999996
"propensity",4,1.35,4.25999999999995
"propensity",5,1.282,4.30999999999995
"propensity",6,1.307,4.74999999999994
"propensity",7,1.331,4.95999999999994
"propensity",8,1.292,4.99999999999994
"propensity",9,1.322,5.52999999999993
"propensity",10,1.296,5.55999999999993
"prognostic",1,1.184,2.99999999999998
"prognostic",2,1.307,5.85999999999992
"prognostic",3,1.402,6.99999999999989
"prognostic",4,1.255,7.80999999999988
"prognostic",5,1.172,5.32999999999993
"prognostic",6,1.206,6.6599999999999
"prognostic",7,1.267,6.97999999999989
"prognostic",8,1.225,6.08999999999991
"prognostic",9,1.248,8.36999999999987
"prognostic",10,1.325,9.03999999999985
"mahalanobis",1,1.308,2.93999999999998
"mahalanobis",2,1.252,4.00999999999996
"mahalanobis",3,1.298,4.54999999999995
"mahalanobis",4,1.349,5.13999999999993
"mahalanobis",5,1.347,5.86999999999992
"mahalanobis",6,1.351,6.27999999999991
"mahalanobis",7,1.414,7.39999999999989
"mahalanobis",8,1.41,7.86999999999988
"mahalanobis",9,1.418,8.10999999999987
"mahalanobis",10,1.409,8.07999999999987
"propensity",1,1.06,1.9
"propensity",2,1.085,2.69999999999999
"propensity",3,1.043,3.07999999999998
"propensity",4,0.95,2.75999999999998
"propensity",5,0.945,2.93999999999998
"propensity",6,0.932,3.17999999999998
"propensity",7,0.919,2.97999999999998
"propensity",8,0.906,2.98999999999998
"propensity",9,0.916,3.18999999999998
"propensity",10,0.928,3.22999999999997
"prognostic",1,0.871,1.74
"prognostic",2,1.036,3.79999999999996
"prognostic",3,0.872,3.14999999999998
"prognostic",4,0.863,3.27999999999997
"prognostic",5,0.887,3.69999999999996
"prognostic",6,0.981,4.18999999999995
"prognostic",7,0.985,4.95999999999994
"prognostic",8,1.002,5.11999999999993
"prognostic",9,0.997,5.17999999999993
"prognostic",10,0.942,4.12999999999996
"mahalanobis",1,0.935,2
"mahalanobis",2,0.893,2.59999999999999
"mahalanobis",3,0.953,3.56999999999997
"mahalanobis",4,0.902,3.23999999999997
"mahalanobis",5,0.909,3.54999999999997
"mahalanobis",6,0.883,3.39999999999997
"mahalanobis",7,0.925,3.69999999999996
"mahalanobis",8,0.959,3.97999999999996
"mahalanobis",9,0.997,4.28999999999995
"mahalanobis",10,0.993,4.26999999999995
"propensity",1,0.909,1.48
"propensity",2,0.972,1.84
"propensity",3,0.892,1.75
"propensity",4,0.912,1.99
"propensity",5,0.908,2.17
"propensity",6,0.887,2.17
"propensity",7,0.851,2.1
"propensity",8,0.841,2.12
"propensity",9,0.841,2.15
"propensity",10,0.83,2.1
"prognostic",1,0.714,1.29
"prognostic",2,0.767,1.62
"prognostic",3,0.844,1.97
"prognostic",4,0.807,2.30999999999999
"prognostic",5,0.878,2.83999999999998
"prognostic",6,0.897,2.50999999999999
"prognostic",7,0.922,3.37999999999997
"prognostic",8,0.823,3.03999999999998
"prognostic",9,0.965,3.56999999999997
"prognostic",10,0.941,3.67999999999997
"mahalanobis",1,0.808,1.73
"mahalanobis",2,0.735,1.86
"mahalanobis",3,0.776,1.88
"mahalanobis",4,0.739,1.88
"mahalanobis",5,0.8,2.24
"mahalanobis",6,0.795,2.40999999999999
"mahalanobis",7,0.851,2.72999999999999
"mahalanobis",8,0.818,2.58999999999999
"mahalanobis",9,0.802,2.59999999999999
"mahalanobis",10,0.823,2.74999999999998
