"method","k","estimate","gamma"
"propensity",1,1.537,2
"propensity",2,1.307,2.05
"propensity",3,1.359,2.22
"propensity",4,1.316,2.42999999999999
"propensity",5,1.309,2.73999999999999
"propensity",6,1.255,2.71999999999999
"propensity",7,1.251,2.87999999999998
"propensity",8,1.246,3.02999999999998
"propensity",9,1.222,2.97999999999998
"propensity",10,1.226,3.00999999999998
"prognostic",1,1.148,1.38
"prognostic",2,1.031,1.51
"prognostic",3,1.219,2.33999999999999
"prognostic",4,1.321,2.86999999999998
"prognostic",5,1.25,2.76999999999998
"prognostic",6,1.17,2.31999999999999
"prognostic",7,1.211,2.85999999999998
"prognostic",8,1.238,2.92999999999998
"prognostic",9,1.285,4.74999999999994
"prognostic",10,1.132,3.53999999999997
"mahalanobis",1,1.247,2.27999999999999
"mahalanobis",2,1.239,3.88999999999996
"mahalanobis",3,1.347,5.06999999999994
"mahalanobis",4,1.339,4.56999999999995
"mahalanobis",5,1.285,4.78999999999994
"mahalanobis",6,1.24,3.78999999999996
"mahalanobis",7,1.228,4.07999999999996
"mahalanobis",8,1.279,4.59999999999995
"mahalanobis",9,1.263,3.95999999999996
"mahalanobis",10,1.302,4.29999999999995
"propensity",1,1.181,1.97
"propensity",2,0.982,1.92
"propensity",3,0.949,2.1
"propensity",4,1.046,2.48999999999999
"propensity",5,1.052,2.68999999999999
"propensity",6,1.048,2.82999999999998
"propensity",7,1.02,2.69999999999999
"propensity",8,0.944,2.43999999999999
"propensity",9,0.954,2.50999999999999
"propensity",10,0.937,2.49999999999999
"prognostic",1,0.975,2.69999999999999
"prognostic",2,0.846,2.07
"prognostic",3,0.965,2.97999999999998
"prognostic",4,1.063,3.47999999999997
"prognostic",5,1.002,3.16999999999998
"prognostic",6,0.934,3.28999999999997
"prognostic",7,0.911,3.07999999999998
"prognostic",8,0.856,2.44999999999999
"prognostic",9,0.905,3.67999999999997
"prognostic",10,0.886,3.17999999999998
"mahalanobis",1,0.924,2.14
"mahalanobis",2,0.873,2.51999999999999
"mahalanobis",3,0.742,2.05
"mahalanobis",4,0.737,2.12
"mahalanobis",5,0.7,2.04
"mahalanobis",6,0.767,2.27999999999999
"mahalanobis",7,0.781,2.46999999999999
"mahalanobis",8,0.789,2.62999999999999
"mahalanobis",9,0.795,2.46999999999999
"mahalanobis",10,0.807,2.59999999999999
"propensity",1,0.965,1.16
"propensity",2,1.025,1.63
"propensity",3,0.989,1.81
"propensity",4,0.821,1.51
"propensity",5,0.908,1.84
"propensity",6,0.964,2.21
"propensity",7,0.953,2.14
"propensity",8,0.945,2.14
"propensity",9,0.959,2.1
"propensity",10,0.991,2.22
"prognostic",1,1.201,1.94
"prognostic",2,0.795,1.38
"prognostic",3,0.929,2.18
"prognostic",4,0.891,1.88
"prognostic",5,0.888,2.05
"prognostic",6,0.926,2.51999999999999
"prognostic",7,0.951,2.50999999999999
"prognostic",8,0.888,2.66999999999999
"prognostic",9,0.787,1.73
"prognostic",10,0.857,2.22
"mahalanobis",1,0.662,1.25
"mahalanobis",2,1.024,3.05999999999998
"mahalanobis",3,1.051,2.68999999999999
"mahalanobis",4,0.991,2.75999999999998
"mahalanobis",5,1.031,3.45999999999997
"mahalanobis",6,1.013,3.42999999999997
"mahalanobis",7,1.024,3.40999999999997
"mahalanobis",8,0.997,3.38999999999997
"mahalanobis",9,1.008,3.59999999999997
"mahalanobis",10,0.99,3.61999999999997
"propensity",1,0.976,1.58
"propensity",2,0.925,1.78
"propensity",3,0.912,2.07
"propensity",4,0.873,1.95
"propensity",5,0.881,2.12
"propensity",6,0.891,2.21
"propensity",7,0.927,2.45999999999999
"propensity",8,0.945,2.44999999999999
"propensity",9,0.921,2.41999999999999
"propensity",10,0.954,2.48999999999999
"prognostic",1,0.727,1.56
"prognostic",2,0.932,2.28999999999999
"prognostic",3,1.251,4.59999999999995
"prognostic",4,1.081,4.61999999999995
"prognostic",5,1.162,5.41999999999993
"prognostic",6,0.986,3.58999999999997
"prognostic",7,0.982,3.93999999999996
"prognostic",8,1.05,4.53999999999995
"prognostic",9,1.002,4.37999999999995
"prognostic",10,0.973,3.84999999999996
"mahalanobis",1,0.94,3.30999999999997
"mahalanobis",2,0.861,2.97999999999998
"mahalanobis",3,0.882,3.42999999999997
"mahalanobis",4,0.984,4.45999999999995
"mahalanobis",5,0.935,3.69999999999996
"mahalanobis",6,0.961,3.72999999999996
"mahalanobis",7,0.955,3.84999999999996
"mahalanobis",8,0.96,4.31999999999995
"mahalanobis",9,0.952,4.42999999999995
"mahalanobis",10,0.976,4.58999999999995
"propensity",1,0.926,1.61
"propensity",2,0.814,1.64
"propensity",3,0.854,1.96
"propensity",4,0.889,2.27999999999999
"propensity",5,0.83,1.95
"propensity",6,0.99,2.46999999999999
"propensity",7,1.037,2.74999999999998
"propensity",8,1.01,2.79999999999998
"propensity",9,1.066,3.12999999999998
"propensity",10,1.013,2.88999999999998
"prognostic",1,1.554,4.61999999999995
"prognostic",2,1.339,4.29999999999995
"prognostic",3,1.084,3.46999999999997
"prognostic",4,1.135,3.82999999999996
"prognostic",5,1.179,4.80999999999994
"prognostic",6,1.079,4.33999999999995
"prognostic",7,1.059,4.94999999999994
"prognostic",8,1.106,5.25999999999993
"prognostic",9,1.074,4.92999999999994
"prognostic",10,1.097,4.39999999999995
"mahalanobis",1,1.156,2.45999999999999
"mahalanobis",2,1.044,2.86999999999998
"mahalanobis",3,1.02,3.08999999999998
"mahalanobis",4,1.069,3.63999999999997
"mahalanobis",5,1.052,3.70999999999996
"mahalanobis",6,1.061,3.85999999999996
"mahalanobis",7,1.042,3.86999999999996
"mahalanobis",8,1.029,4.02999999999996
"mahalanobis",9,1.041,4.17999999999995
"mahalanobis",10,1.038,4.37999999999995
"propensity",1,0.99,1.46
"propensity",2,1.209,2.35999999999999
"propensity",3,1.18,2.80999999999998
"propensity",4,1.05,2.66999999999999
"propensity",5,0.969,2.32999999999999
"propensity",6,0.953,2.29999999999999
"propensity",7,0.961,2.35999999999999
"propensity",8,1.003,2.60999999999999
"propensity",9,1.012,2.71999999999999
"propensity",10,1.04,2.78999999999998
"prognostic",1,1.164,2.03
"prognostic",2,0.994,2.83999999999998
"prognostic",3,0.937,2.51999999999999
"prognostic",4,0.934,2.94999999999998
"prognostic",5,0.88,2.65999999999999
"prognostic",6,1.001,3.72999999999996
"prognostic",7,1.08,4.74999999999994
"prognostic",8,1.019,3.79999999999996
"prognostic",9,1.035,5.14999999999993
"prognostic",10,0.975,3.77999999999996
"mahalanobis",1,0.76,1.48
"mahalanobis",2,0.992,2.52999999999999
"mahalanobis",3,0.993,2.95999999999998
"mahalanobis",4,0.927,2.74999999999998
"mahalanobis",5,0.942,3.03999999999998
"mahalanobis",6,0.934,3.11999999999998
"mahalanobis",7,0.953,3.48999999999997
"mahalanobis",8,0.898,3.21999999999997
"mahalanobis",9,0.92,3.39999999999997
"mahalanobis",10,0.93,3.58999999999997
"propensity",1,1.06,2.31999999999999
"propensity",2,1.167,3.11999999999998
"propensity",3,1.152,3.47999999999997
"propensity",4,1.169,3.51999999999997
"propensity",5,1.143,3.51999999999997
"propensity",6,1.083,3.15999999999998
"propensity",7,1.062,3.15999999999998
"propensity",8,1.026,2.98999999999998
"propensity",9,0.963,2.70999999999999
"propensity",10,0.976,2.81999999999998
"prognostic",1,1.17,2.50999999999999
"prognostic",2,0.882,2.28999999999999
"prognostic",3,0.81,2.45999999999999
"prognostic",4,1.056,4.28999999999995
"prognostic",5,0.9,3.29999999999997
"prognostic",6,0.83,3.16999999999998
"prognostic",7,0.99,4.10999999999996
"prognostic",8,0.838,3.30999999999997
"prognostic",9,0.865,3.89999999999996
"prognostic",10,0.877,3.70999999999996
"mahalanobis",1,1.228,3.75999999999996
"mahalanobis",2,1.042,3.87999999999996
"mahalanobis",3,0.976,3.79999999999996
"mahalanobis",4,0.986,3.79999999999996
"mahalanobis",5,0.964,3.94999999999996
"mahalanobis",6,0.934,3.69999999999996
"mahalanobis",7,0.887,3.44999999999997
"mahalanobis",8,0.886,3.39999999999997
"mahalanobis",9,0.884,3.57999999999997
"mahalanobis",10,0.89,3.64999999999997
"propensity",1,1.166,1.76
"propensity",2,0.971,1.74
"propensity",3,0.937,1.82
"propensity",4,0.936,2.05
"propensity",5,0.945,2.2
"propensity",6,0.902,2.17
"propensity",7,0.984,2.49999999999999
"propensity",8,1.021,2.78999999999998
"propensity",9,1.048,3.01999999999998
"propensity",10,1.053,3.10999999999998
"prognostic",1,1.222,2.51999999999999
"prognostic",2,1.028,2.55999999999999
"prognostic",3,1.169,4.43999999999995
"prognostic",4,0.935,3.43999999999997
"prognostic",5,1.028,3.48999999999997
"prognostic",6,1.011,3.25999999999997
"prognostic",7,1.082,3.74999999999996
"prognostic",8,1.084,5.90999999999992
"prognostic",9,1.068,4.59999999999995
"prognostic",10,1.061,4.04999999999996
"mahalanobis",1,0.977,1.94
"mahalanobis",2,0.928,2.65999999999999
"mahalanobis",3,0.959,3.07999999999998
"mahalanobis",4,1.024,3.63999999999997
"mahalanobis",5,0.996,3.58999999999997
"mahalanobis",6,1.004,3.80999999999996
"mahalanobis",7,1.02,4.16999999999995
"mahalanobis",8,1.053,4.37999999999995
"mahalanobis",9,1.064,4.74999999999994
"mahalanobis",10,1.065,4.73999999999994
"propensity",1,0.943,1.8
"propensity",2,0.962,2.19
"propensity",3,1.056,2.72999999999999
"propensity",4,1.075,2.93999999999998
"propensity",5,1.078,3.10999999999998
"propensity",6,1.094,3.43999999999997
"propensity",7,1.03,3.01999999999998
"propensity",8,1.007,2.76999999999998
"propensity",9,1.034,2.95999999999998
"propensity",10,1.008,2.88999999999998
"prognostic",1,0.846,1.83
"prognostic",2,0.948,2.68999999999999
"prognostic",3,0.988,3.24999999999997
"prognostic",4,1.115,4.06999999999996
"prognostic",5,0.951,2.77999999999998
"prognostic",6,0.913,2.57999999999999
"prognostic",7,0.923,3.14999999999998
"prognostic",8,1.024,3.85999999999996
"prognostic",9,0.911,3.16999999999998
"prognostic",10,0.911,3.63999999999997
"mahalanobis",1,1.368,3.09999999999998
"mahalanobis",2,0.954,2.54999999999999
"mahalanobis",3,0.979,2.82999999999998
"mahalanobis",4,0.928,2.87999999999998
"mahalanobis",5,0.986,3.52999999999997
"mahalanobis",6,0.975,3.66999999999997
"mahalanobis",7,0.985,3.80999999999996
"mahalanobis",8,1.013,4.07999999999996
"mahalanobis",9,1.007,3.92999999999996
"mahalanobis",10,0.997,3.76999999999996
"propensity",1,0.896,1.86
"propensity",2,1.133,2.70999999999999
"propensity",3,1.142,2.63999999999999
"propensity",4,1.161,2.90999999999998
"propensity",5,1.147,3.14999999999998
"propensity",6,1.101,2.92999999999998
"propensity",7,1.045,2.85999999999998
"propensity",8,1.052,3.01999999999998
"propensity",9,1.027,2.84999999999998
"propensity",10,1.016,2.91999999999998
"prognostic",1,1.251,2.52999999999999
"prognostic",2,1.002,3.04999999999998
"prognostic",3,1.065,3.57999999999997
"prognostic",4,1.044,3.99999999999996
"prognostic",5,0.896,2.77999999999998
"prognostic",6,1.002,3.09999999999998
"prognostic",7,1.13,5.32999999999993
"prognostic",8,1.087,4.29999999999995
"prognostic",9,1.092,5.21999999999993
"prognostic",10,1.082,4.21999999999995
"mahalanobis",1,1.267,3.08999999999998
"mahalanobis",2,1.232,4.19999999999995
"mahalanobis",3,1.157,4.73999999999994
"mahalanobis",4,1.109,5.41999999999993
"mahalanobis",5,1.083,5.29999999999993
"mahalanobis",6,1.069,4.49999999999995
"mahalanobis",7,1.04,4.25999999999995
"mahalanobis",8,1.073,4.50999999999995
"mahalanobis",9,1.091,4.60999999999995
"mahalanobis",10,1.126,4.94999999999994
