"method","k","estimate","gamma"
"propensity",1,1.043,1.84
"propensity",2,1.066,2.67999999999999
"propensity",3,1.097,2.97999999999998
"propensity",4,1.13,3.75999999999996
"propensity",5,1.101,3.76999999999996
"propensity",6,1.061,3.78999999999996
"propensity",7,1.069,3.86999999999996
"propensity",8,1.08,4.04999999999996
"propensity",9,1.056,3.94999999999996
"propensity",10,1.035,3.78999999999996
"prognostic",1,0.551,1.43
"prognostic",2,1.08,3.87999999999996
"prognostic",3,1.078,3.68999999999996
"prognostic",4,1.095,5.26999999999993
"prognostic",5,1.162,5.42999999999993
"prognostic",6,0.97,3.95999999999996
"prognostic",7,1.038,4.72999999999994
"prognostic",8,0.975,4.39999999999995
"prognostic",9,1.003,5.65999999999992
"prognostic",10,1.007,5.87999999999992
"mahalanobis",1,1.049,2.52999999999999
"mahalanobis",2,1.063,3.43999999999997
"mahalanobis",3,0.994,3.25999999999997
"mahalanobis",4,1.02,3.82999999999996
"mahalanobis",5,1.031,4.29999999999995
"mahalanobis",6,1.039,4.31999999999995
"mahalanobis",7,1.08,4.72999999999994
"mahalanobis",8,1.144,5.23999999999993
"mahalanobis",9,1.135,5.16999999999993
"mahalanobis",10,1.169,5.56999999999992
"propensity",1,1.727,2.83999999999998
"propensity",2,1.598,5.01999999999994
"propensity",3,1.428,4.32999999999995
"propensity",4,1.417,4.06999999999996
"propensity",5,1.405,4.88999999999994
"propensity",6,1.422,5.35999999999993
"propensity",7,1.436,5.99999999999992
"propensity",8,1.456,5.76999999999992
"propensity",9,1.403,5.51999999999993
"propensity",10,1.408,5.54999999999993
"prognostic",1,1.11,1.88
"prognostic",2,1.438,3.81999999999996
"prognostic",3,1.52,5.35999999999993
"prognostic",4,1.416,5.34999999999993
"prognostic",5,1.368,5.35999999999993
"prognostic",6,1.421,7.27999999999989
"prognostic",7,1.356,6.9099999999999
"prognostic",8,1.389,7.18999999999989
"prognostic",9,1.315,6.20999999999991
"prognostic",10,1.485,7.86999999999988
"mahalanobis",1,1.429,4.49999999999995
"mahalanobis",2,1.376,4.73999999999994
"mahalanobis",3,1.333,5.23999999999993
"mahalanobis",4,1.459,7.19999999999989
"mahalanobis",5,1.535,8.37999999999987
"mahalanobis",6,1.552,8.58999999999986
"mahalanobis",7,1.524,9.25999999999985
"mahalanobis",8,1.523,9.38999999999984
"mahalanobis",9,1.534,9.08999999999985
"mahalanobis",10,1.579,10.0099999999998
"propensity",1,1.25,2.21
"propensity",2,1.32,3.72999999999996
"propensity",3,1.303,3.92999999999996
"propensity",4,1.152,3.13999999999998
"propensity",5,1.133,3.22999999999997
"propensity",6,1.087,3.06999999999998
"propensity",7,1.077,3.24999999999997
"propensity",8,1.024,2.84999999999998
"propensity",9,1.028,2.98999999999998
"propensity",10,1.068,3.17999999999998
"prognostic",1,0.88,1.61
"prognostic",2,1.16,4.88999999999994
"prognostic",3,1.03,4.11999999999996
"prognostic",4,1.056,4.21999999999995
"prognostic",5,1.06,3.96999999999996
"prognostic",6,1.133,4.90999999999994
"prognostic",7,1.111,4.79999999999994
"prognostic",8,1.072,5.37999999999993
"prognostic",9,1.047,4.15999999999995
"prognostic",10,1.094,3.81999999999996
"mahalanobis",1,0.97,2.01
"mahalanobis",2,1.092,3.19999999999998
"mahalanobis",3,0.996,3.15999999999998
"mahalanobis",4,1,3.62999999999997
"mahalanobis",5,0.98,3.59999999999997
"mahalanobis",6,1.089,4.32999999999995
"mahalanobis",7,1.079,4.33999999999995
"mahalanobis",8,1.103,4.36999999999995
"mahalanobis",9,1.127,4.79999999999994
"mahalanobis",10,1.093,4.61999999999995
"propensity",1,1.425,2.12
"propensity",2,1.51,2.78999999999998
"propensity",3,1.522,3.29999999999997
"propensity",4,1.494,3.68999999999996
"propensity",5,1.508,3.72999999999996
"propensity",6,1.53,4.20999999999995
"propensity",7,1.541,4.49999999999995
"propensity",8,1.493,4.02999999999996
"propensity",9,1.446,3.84999999999996
"propensity",10,1.445,4.08999999999996
"prognostic",1,1.323,2.41999999999999
"prognostic",2,1.516,4.20999999999995
"prognostic",3,1.39,5.01999999999994
"prognostic",4,1.501,6.7299999999999
"prognostic",5,1.372,4.79999999999994
"prognostic",6,1.396,6.6799999999999
"prognostic",7,1.462,7.42999999999989
"prognostic",8,1.571,9.40999999999984
"prognostic",9,1.478,6.7699999999999
"prognostic",10,1.424,9.78999999999984
"mahalanobis",1,1.344,2.58999999999999
"mahalanobis",2,1.263,3.68999999999996
"mahalanobis",3,1.356,5.54999999999993
"mahalanobis",4,1.342,6.23999999999991
"mahalanobis",5,1.384,6.9199999999999
"mahalanobis",6,1.482,8.36999999999987
"mahalanobis",7,1.487,8.50999999999986
"mahalanobis",8,1.459,8.21999999999987
"mahalanobis",9,1.476,9.31999999999985
"mahalanobis",10,1.46,9.17999999999985
"propensity",1,1.294,2.48999999999999
"propensity",2,1.067,2.17
"propensity",3,1.265,3.18999999999998
"propensity",4,1.287,3.70999999999996
"propensity",5,1.259,3.47999999999997
"propensity",6,1.285,3.83999999999996
"propensity",7,1.247,3.95999999999996
"propensity",8,1.231,3.82999999999996
"propensity",9,1.262,4.12999999999996
"propensity",10,1.271,4.17999999999995
"prognostic",1,1.156,2.31999999999999
"prognostic",2,1.447,4.97999999999994
"prognostic",3,1.269,3.85999999999996
"prognostic",4,1.196,4.00999999999996
"prognostic",5,1.543,8.15999999999987
"prognostic",6,1.349,6.45999999999991
"prognostic",7,1.444,7.47999999999988
"prognostic",8,1.283,7.01999999999989
"prognostic",9,1.356,6.15999999999991
"prognostic",10,1.282,7.25999999999989
"mahalanobis",1,1.178,3.58999999999997
"mahalanobis",2,1.182,6.6399999999999
"mahalanobis",3,1.26,6.5699999999999
"mahalanobis",4,1.336,7.41999999999989
"mahalanobis",5,1.389,9.26999999999985
"mahalanobis",6,1.35,7.34999999999989
"mahalanobis",7,1.4,7.69999999999988
"mahalanobis",8,1.395,7.88999999999988
"mahalanobis",9,1.397,7.54999999999988
"mahalanobis",10,1.347,6.6299999999999
"propensity",1,0.664,1.34
"propensity",2,0.741,1.5
"propensity",3,0.736,1.53
"propensity",4,0.807,1.79
"propensity",5,0.771,1.76
"propensity",6,0.798,1.86
"propensity",7,0.816,1.96
"propensity",8,0.813,1.97
"propensity",9,0.771,1.84
"propensity",10,0.779,1.91
"prognostic",1,0.686,1.27
"prognostic",2,0.737,1.81
"prognostic",3,0.831,2.26
"prognostic",4,0.743,2.16
"prognostic",5,0.819,2.58999999999999
"prognostic",6,0.847,2.58999999999999
"prognostic",7,0.769,2.17
"prognostic",8,0.848,2.69999999999999
"prognostic",9,0.79,2.63999999999999
"prognostic",10,0.821,2.42999999999999
"mahalanobis",1,0.711,1.7
"mahalanobis",2,0.744,2.16
"mahalanobis",3,0.759,2.26
"mahalanobis",4,0.638,1.88
"mahalanobis",5,0.695,2.12
"mahalanobis",6,0.762,2.48999999999999
"mahalanobis",7,0.731,2.38999999999999
"mahalanobis",8,0.731,2.38999999999999
"mahalanobis",9,0.734,2.46999999999999
"mahalanobis",10,0.748,2.55999999999999
"propensity",1,0.901,1.69
"propensity",2,0.928,1.99
"propensity",3,1.175,2.97999999999998
"propensity",4,1.189,3.47999999999997
"propensity",5,1.19,3.70999999999996
"propensity",6,1.226,4.00999999999996
"propensity",7,1.205,3.87999999999996
"propensity",8,1.208,3.80999999999996
"propensity",9,1.209,3.80999999999996
"propensity",10,1.242,4.06999999999996
"prognostic",1,0.943,1.59
"prognostic",2,1.215,3.86999999999996
"prognostic",3,1.27,3.89999999999996
"prognostic",4,1.325,4.73999999999994
"prognostic",5,1.308,5.06999999999994
"prognostic",6,1.268,5.89999999999992
"prognostic",7,1.383,7.94999999999987
"prognostic",8,1.363,7.64999999999988
"prognostic",9,1.38,6.6999999999999
"prognostic",10,1.189,5.04999999999994
"mahalanobis",1,1.215,2.59999999999999
"mahalanobis",2,1.234,4.01999999999996
"mahalanobis",3,1.297,4.86999999999994
"mahalanobis",4,1.282,5.26999999999993
"mahalanobis",5,1.295,5.98999999999992
"mahalanobis",6,1.309,6.99999999999989
"mahalanobis",7,1.344,7.86999999999988
"mahalanobis",8,1.364,8.29999999999987
"mahalanobis",9,1.363,7.96999999999987
"mahalanobis",10,1.356,8.26999999999987
"propensity",1,1.031,1.62
"propensity",2,1.001,2.15
"propensity",3,0.987,2.35999999999999
"propensity",4,0.994,2.51999999999999
"propensity",5,1.049,2.84999999999998
"propensity",6,1.034,2.86999999999998
"propensity",7,1.097,3.23999999999997
"propensity",8,1.115,3.36999999999997
"propensity",9,1.095,3.29999999999997
"propensity",10,1.112,3.52999999999997
"prognostic",1,1.199,2.27
"prognostic",2,1.414,3.82999999999996
"prognostic",3,1.121,3.52999999999997
"prognostic",4,1.281,3.98999999999996
"prognostic",5,1.195,4.75999999999994
"prognostic",6,1.083,2.96999999999998
"prognostic",7,1.15,3.73999999999996
"prognostic",8,1.27,5.84999999999992
"prognostic",9,1.227,5.44999999999993
"prognostic",10,1.185,4.57999999999995
"mahalanobis",1,1.117,2.36999999999999
"mahalanobis",2,1.305,3.60999999999997
"mahalanobis",3,1.298,4.19999999999995
"mahalanobis",4,1.344,5.18999999999993
"mahalanobis",5,1.369,6.05999999999991
"mahalanobis",6,1.379,6.00999999999992
"mahalanobis",7,1.376,6.5499999999999
"mahalanobis",8,1.337,6.7599999999999
"mahalanobis",9,1.334,6.8499999999999
"mahalanobis",10,1.319,6.8199999999999
"propensity",1,1.086,2.06
"propensity",2,0.989,2.22
"propensity",3,0.972,2.24
"propensity",4,1.012,2.32999999999999
"propensity",5,1.006,2.53999999999999
"propensity",6,1.044,2.78999999999998
"propensity",7,0.987,2.53999999999999
"propensity",8,1.004,2.59999999999999
"propensity",9,1.025,2.71999999999999
"propensity",10,1.009,2.72999999999999
"prognostic",1,1.114,1.96
"prognostic",2,1.23,3.43999999999997
"prognostic",3,1.081,3.14999999999998
"prognostic",4,1.115,3.77999999999996
"prognostic",5,1.137,3.86999999999996
"prognostic",6,1.136,4.11999999999996
"prognostic",7,1.093,6.05999999999991
"prognostic",8,1.059,4.22999999999995
"prognostic",9,1.06,4.01999999999996
"prognostic",10,1.098,4.84999999999994
"mahalanobis",1,1.232,3.31999999999997
"mahalanobis",2,1.106,3.73999999999996
"mahalanobis",3,1.06,3.94999999999996
"mahalanobis",4,1.118,4.66999999999994
"mahalanobis",5,1.113,5.31999999999993
"mahalanobis",6,1.144,5.20999999999993
"mahalanobis",7,1.154,5.54999999999993
"mahalanobis",8,1.14,5.40999999999993
"mahalanobis",9,1.143,5.53999999999993
"mahalanobis",10,1.169,5.97999999999992
"propensity",1,0.941,1.44
"propensity",2,1.088,1.97
"propensity",3,1.055,2.14
"propensity",4,1.026,2.28999999999999
"propensity",5,0.949,2.25
"propensity",6,0.932,2.25
"propensity",7,0.91,2.19
"propensity",8,0.938,2.32999999999999
"propensity",9,0.936,2.40999999999999
"propensity",10,0.94,2.41999999999999
"prognostic",1,1.309,2.68999999999999
"prognostic",2,1.215,2.94999999999998
"prognostic",3,1.152,2.74999999999998
"prognostic",4,1.098,3.28999999999997
"prognostic",5,0.894,2.1
"prognostic",6,1.023,2.91999999999998
"prognostic",7,0.972,3.27999999999997
"prognostic",8,1.033,2.99999999999998
"prognostic",9,1.028,3.74999999999996
"prognostic",10,0.94,2.53999999999999
"mahalanobis",1,1.007,1.72
"mahalanobis",2,1.02,2.21
"mahalanobis",3,0.928,2.29999999999999
"mahalanobis",4,0.995,2.79999999999998
"mahalanobis",5,0.968,2.77999999999998
"mahalanobis",6,0.929,2.71999999999999
"mahalanobis",7,0.904,2.62999999999999
"mahalanobis",8,0.883,2.66999999999999
"mahalanobis",9,0.85,2.47999999999999
"mahalanobis",10,0.891,2.65999999999999
