"method","k","estimate","gamma"
"propensity",1,1.295,2.99999999999998
"propensity",2,1.165,3.30999999999997
"propensity",3,1.149,3.55999999999997
"propensity",4,1.101,3.88999999999996
"propensity",5,1.038,3.22999999999997
"propensity",6,1.046,3.48999999999997
"propensity",7,1.061,3.64999999999997
"propensity",8,1.065,3.84999999999996
"propensity",9,1.007,3.40999999999997
"propensity",10,1.04,3.74999999999996
"prognostic",1,0.963,1.76
"prognostic",2,0.849,2.08
"prognostic",3,0.968,2.79999999999998
"prognostic",4,0.953,2.44999999999999
"prognostic",5,0.885,2.37999999999999
"prognostic",6,0.984,3.10999999999998
"prognostic",7,0.904,2.76999999999998
"prognostic",8,1.027,2.87999999999998
"prognostic",9,0.935,3.22999999999997
"prognostic",10,1.052,3.61999999999997
"mahalanobis",1,1.391,4.01999999999996
"mahalanobis",2,1.198,2.74999999999998
"mahalanobis",3,1.116,2.92999999999998
"mahalanobis",4,1.126,3.41999999999997
"mahalanobis",5,1.071,3.52999999999997
"mahalanobis",6,1.106,3.89999999999996
"mahalanobis",7,1.112,4.26999999999995
"mahalanobis",8,1.085,4.22999999999995
"mahalanobis",9,1.101,4.27999999999995
"mahalanobis",10,1.104,4.32999999999995
"propensity",1,1.128,1.76
"propensity",2,1.206,2.33999999999999
"propensity",3,1.184,2.71999999999999
"propensity",4,1.047,2.51999999999999
"propensity",5,1.032,2.51999999999999
"propensity",6,0.967,2.14
"propensity",7,0.987,2.22
"propensity",8,0.992,2.24
"propensity",9,0.975,2.27999999999999
"propensity",10,0.962,2.21
"prognostic",1,0.747,2.43999999999999
"prognostic",2,0.946,2.61999999999999
"prognostic",3,1.034,3.14999999999998
"prognostic",4,1.075,3.31999999999997
"prognostic",5,0.972,3.11999999999998
"prognostic",6,0.913,3.43999999999997
"prognostic",7,1.034,3.94999999999996
"prognostic",8,0.978,2.91999999999998
"prognostic",9,0.909,3.21999999999997
"prognostic",10,0.983,3.23999999999997
"mahalanobis",1,0.719,1.43
"mahalanobis",2,0.835,1.99
"mahalanobis",3,0.943,2.73999999999999
"mahalanobis",4,0.976,3.10999999999998
"mahalanobis",5,1,3.23999999999997
"mahalanobis",6,0.947,3.31999999999997
"mahalanobis",7,0.927,3.14999999999998
"mahalanobis",8,0.937,3.36999999999997
"mahalanobis",9,0.932,3.36999999999997
"mahalanobis",10,0.93,3.45999999999997
"propensity",1,1.065,1.73
"propensity",2,0.921,1.76
"propensity",3,1.001,2.17
"propensity",4,1.054,2.61999999999999
"propensity",5,1.146,3.18999999999998
"propensity",6,1.23,3.75999999999996
"propensity",7,1.154,3.45999999999997
"propensity",8,1.164,3.36999999999997
"propensity",9,1.156,3.35999999999997
"propensity",10,1.171,3.52999999999997
"prognostic",1,1.308,3.93999999999996
"prognostic",2,1.187,3.69999999999996
"prognostic",3,1.081,3.82999999999996
"prognostic",4,1.285,4.18999999999995
"prognostic",5,1.224,5.33999999999993
"prognostic",6,1.183,4.73999999999994
"prognostic",7,1.253,5.11999999999993
"prognostic",8,1.18,4.81999999999994
"prognostic",9,1.217,5.15999999999993
"prognostic",10,1.201,5.04999999999994
"mahalanobis",1,1.259,3.53999999999997
"mahalanobis",2,1.226,3.35999999999997
"mahalanobis",3,1.24,3.91999999999996
"mahalanobis",4,1.139,4.17999999999995
"mahalanobis",5,1.196,4.97999999999994
"mahalanobis",6,1.202,5.58999999999992
"mahalanobis",7,1.19,5.33999999999993
"mahalanobis",8,1.187,5.54999999999993
"mahalanobis",9,1.226,5.98999999999992
"mahalanobis",10,1.243,6.02999999999991
"propensity",1,0.994,1.58
"propensity",2,0.996,1.91
"propensity",3,0.78,1.54
"propensity",4,0.81,1.64
"propensity",5,0.731,1.57
"propensity",6,0.761,1.72
"propensity",7,0.77,1.76
"propensity",8,0.777,1.79
"propensity",9,0.771,1.76
"propensity",10,0.817,1.9
"prognostic",1,1.145,2
"prognostic",2,1.102,3.39999999999997
"prognostic",3,0.817,1.85
"prognostic",4,0.969,3.39999999999997
"prognostic",5,0.861,2.65999999999999
"prognostic",6,0.825,2.42999999999999
"prognostic",7,0.964,3.57999999999997
"prognostic",8,0.926,3.16999999999998
"prognostic",9,0.989,3.64999999999997
"prognostic",10,0.889,2.91999999999998
"mahalanobis",1,0.767,1.5
"mahalanobis",2,0.691,1.66
"mahalanobis",3,0.738,2.02
"mahalanobis",4,0.821,2.48999999999999
"mahalanobis",5,0.846,2.67999999999999
"mahalanobis",6,0.873,2.84999999999998
"mahalanobis",7,0.849,2.76999999999998
"mahalanobis",8,0.856,2.75999999999998
"mahalanobis",9,0.84,2.74999999999998
"mahalanobis",10,0.835,2.66999999999999
"propensity",1,1.095,2.11
"propensity",2,1.061,2.55999999999999
"propensity",3,1.018,2.73999999999999
"propensity",4,1.064,3.17999999999998
"propensity",5,1.084,3.49999999999997
"propensity",6,1.053,3.51999999999997
"propensity",7,1.021,3.50999999999997
"propensity",8,0.985,3.38999999999997
"propensity",9,0.911,3.03999999999998
"propensity",10,0.911,2.92999999999998
"prognostic",1,0.779,1.51
"prognostic",2,0.814,1.97
"prognostic",3,0.941,2.48999999999999
"prognostic",4,0.887,2.68999999999999
"prognostic",5,0.951,3.12999999999998
"prognostic",6,0.958,3.37999999999997
"prognostic",7,0.888,2.95999999999998
"prognostic",8,0.869,3.41999999999997
"prognostic",9,0.95,3.59999999999997
"prognostic",10,0.966,3.90999999999996
"mahalanobis",1,0.864,2.31999999999999
"mahalanobis",2,1.052,3.93999999999996
"mahalanobis",3,1.135,4.62999999999994
"mahalanobis",4,1.085,4.41999999999995
"mahalanobis",5,0.969,3.45999999999997
"mahalanobis",6,0.998,3.56999999999997
"mahalanobis",7,1.028,3.81999999999996
"mahalanobis",8,1.028,4.17999999999995
"mahalanobis",9,1.006,4.06999999999996
"mahalanobis",10,0.999,4.09999999999996
"propensity",1,1.313,2.13
"propensity",2,1.142,2.12
"propensity",3,1.069,2.32999999999999
"propensity",4,1.151,2.84999999999998
"propensity",5,1.19,2.94999999999998
"propensity",6,1.261,3.44999999999997
"propensity",7,1.301,3.69999999999996
"propensity",8,1.276,3.72999999999996
"propensity",9,1.275,3.93999999999996
"propensity",10,1.279,4.15999999999995
"prognostic",1,1.054,2.78999999999998
"prognostic",2,1.399,5.51999999999993
"prognostic",3,1.238,4.66999999999994
"prognostic",4,1.157,4.23999999999995
"prognostic",5,1.318,6.4999999999999
"prognostic",6,1.212,5.14999999999993
"prognostic",7,1.247,5.56999999999992
"prognostic",8,1.12,4.54999999999995
"prognostic",9,1.207,6.34999999999991
"prognostic",10,1.21,6.6199999999999
"mahalanobis",1,1.232,3.57999999999997
"mahalanobis",2,1.186,4.00999999999996
"mahalanobis",3,1.331,4.99999999999994
"mahalanobis",4,1.319,5.32999999999993
"mahalanobis",5,1.296,5.43999999999993
"mahalanobis",6,1.299,5.94999999999992
"mahalanobis",7,1.275,6.14999999999991
"mahalanobis",8,1.287,6.42999999999991
"mahalanobis",9,1.327,6.7599999999999
"mahalanobis",10,1.283,6.35999999999991
"propensity",1,1.091,1.57
"propensity",2,0.922,1.61
"propensity",3,0.803,1.52
"propensity",4,0.89,1.76
"propensity",5,0.87,1.85
"propensity",6,0.897,2.01
"propensity",7,0.913,2.19
"propensity",8,0.946,2.41999999999999
"propensity",9,0.933,2.40999999999999
"propensity",10,0.973,2.53999999999999
"prognostic",1,1.297,2.71999999999999
"prognostic",2,1.11,2.26
"prognostic",3,0.883,1.84
"prognostic",4,1.065,3.21999999999997
"prognostic",5,1.126,3.41999999999997
"prognostic",6,1.173,3.25999999999997
"prognostic",7,1.03,3.64999999999997
"prognostic",8,1.061,4.03999999999996
"prognostic",9,1.051,3.90999999999996
"prognostic",10,1.075,3.13999999999998
"mahalanobis",1,0.949,1.42
"mahalanobis",2,0.942,1.88
"mahalanobis",3,0.926,2.18
"mahalanobis",4,1.005,2.70999999999999
"mahalanobis",5,1.054,3.13999999999998
"mahalanobis",6,1.158,3.82999999999996
"mahalanobis",7,1.187,4.16999999999995
"mahalanobis",8,1.177,4.28999999999995
"mahalanobis",9,1.167,4.34999999999995
"mahalanobis",10,1.154,4.41999999999995
"propensity",1,1.014,1.74
"propensity",2,1.092,2.25
"propensity",3,1.179,2.92999999999998
"propensity",4,1.223,3.41999999999997
"propensity",5,1.125,3.06999999999998
"propensity",6,1.092,2.95999999999998
"propensity",7,1.084,2.97999999999998
"propensity",8,1.095,3.07999999999998
"propensity",9,1.109,3.37999999999997
"propensity",10,1.102,3.62999999999997
"prognostic",1,1.147,2.56999999999999
"prognostic",2,1.288,4.43999999999995
"prognostic",3,1.128,4.70999999999994
"prognostic",4,0.916,3.45999999999997
"prognostic",5,1.078,4.04999999999996
"prognostic",6,0.918,2.65999999999999
"prognostic",7,0.992,3.26999999999997
"prognostic",8,0.978,3.83999999999996
"prognostic",9,1.001,3.17999999999998
"prognostic",10,1.072,5.13999999999993
"mahalanobis",1,0.804,1.68
"mahalanobis",2,0.848,2.21
"mahalanobis",3,0.886,2.60999999999999
"mahalanobis",4,0.947,2.91999999999998
"mahalanobis",5,0.993,3.37999999999997
"mahalanobis",6,1.006,3.79999999999996
"mahalanobis",7,0.983,3.87999999999996
"mahalanobis",8,0.964,3.85999999999996
"mahalanobis",9,0.957,3.79999999999996
"mahalanobis",10,0.972,3.96999999999996
"propensity",1,1.424,2.91999999999998
"propensity",2,1.5,4.55999999999995
"propensity",3,1.381,4.26999999999995
"propensity",4,1.353,4.46999999999995
"propensity",5,1.299,4.04999999999996
"propensity",6,1.323,4.27999999999995
"propensity",7,1.313,4.61999999999995
"propensity",8,1.316,4.73999999999994
"propensity",9,1.316,4.77999999999994
"propensity",10,1.342,5.17999999999993
"prognostic",1,0.981,1.93
"prognostic",2,1.283,3.73999999999996
"prognostic",3,1.161,3.60999999999997
"prognostic",4,1.252,4.67999999999994
"prognostic",5,1.218,4.55999999999995
"prognostic",6,1.255,5.89999999999992
"prognostic",7,1.24,5.72999999999992
"prognostic",8,1.141,4.85999999999994
"prognostic",9,1.319,7.69999999999988
"prognostic",10,1.196,5.28999999999993
"mahalanobis",1,0.846,2.09
"mahalanobis",2,0.969,3.06999999999998
"mahalanobis",3,1.024,3.51999999999997
"mahalanobis",4,1.009,3.41999999999997
"mahalanobis",5,1.009,3.43999999999997
"mahalanobis",6,0.956,3.14999999999998
"mahalanobis",7,0.955,3.44999999999997
"mahalanobis",8,1.012,3.91999999999996
"mahalanobis",9,1.027,4.09999999999996
"mahalanobis",10,1.041,4.27999999999995
"propensity",1,0.907,1.25
"propensity",2,0.76,1.15
"propensity",3,0.704,1.3
"propensity",4,0.764,1.51
"propensity",5,0.731,1.48
"propensity",6,0.724,1.44
"propensity",7,0.759,1.49
"propensity",8,0.778,1.54
"propensity",9,0.827,1.64
"propensity",10,0.798,1.58
"prognostic",1,1.214,2.27
"prognostic",2,1.117,2.65999999999999
"prognostic",3,0.927,2.31999999999999
"prognostic",4,0.969,2.16
"prognostic",5,0.768,1.89
"prognostic",6,0.869,2.60999999999999
"prognostic",7,0.883,2.39999999999999
"prognostic",8,0.849,2.18
"prognostic",9,0.855,2.15
"prognostic",10,0.755,1.85
"mahalanobis",1,0.49,1.03
"mahalanobis",2,0.557,1.43
"mahalanobis",3,0.723,1.76
"mahalanobis",4,0.823,2.06
"mahalanobis",5,0.865,2.21
"mahalanobis",6,0.881,2.30999999999999
"mahalanobis",7,0.883,2.37999999999999
"mahalanobis",8,0.868,2.36999999999999
"mahalanobis",9,0.874,2.48999999999999
"mahalanobis",10,0.894,2.68999999999999
