"method","k","estimate","gamma"
"propensity",1,1.208,1.73
"propensity",2,1.392,2.90999999999998
"propensity",3,1.288,3.03999999999998
"propensity",4,1.329,3.51999999999997
"propensity",5,1.28,3.57999999999997
"propensity",6,1.214,3.50999999999997
"propensity",7,1.134,3.15999999999998
"propensity",8,1.143,3.29999999999997
"propensity",9,1.112,3.20999999999998
"propensity",10,1.114,3.13999999999998
"prognostic",1,1.13,3.40999999999997
"prognostic",2,0.976,2.54999999999999
"prognostic",3,0.878,2.52999999999999
"prognostic",4,0.983,2.74999999999998
"prognostic",5,1.056,4.17999999999995
"prognostic",6,0.925,2.89999999999998
"prognostic",7,0.999,3.61999999999997
"prognostic",8,1.276,4.10999999999996
"prognostic",9,1.075,5.13999999999993
"prognostic",10,1.149,4.46999999999995
"mahalanobis",1,1.237,2.48999999999999
"mahalanobis",2,1.183,3.01999999999998
"mahalanobis",3,1.143,3.49999999999997
"mahalanobis",4,1.06,3.56999999999997
"mahalanobis",5,1.093,4.26999999999995
"mahalanobis",6,1.047,3.97999999999996
"mahalanobis",7,1.053,4.24999999999995
"mahalanobis",8,1.084,4.69999999999994
"mahalanobis",9,1.096,4.78999999999994
"mahalanobis",10,1.111,4.66999999999994
"propensity",1,1.157,1.78
"propensity",2,0.9,1.6
"propensity",3,0.974,1.96
"propensity",4,0.974,2.23
"propensity",5,1.04,2.52999999999999
"propensity",6,1.078,2.79999999999998
"propensity",7,1.056,2.84999999999998
"propensity",8,1.098,3.12999999999998
"propensity",9,1.116,3.24999999999997
"propensity",10,1.108,3.30999999999997
"prognostic",1,1.253,3.44999999999997
"prognostic",2,1.011,4.01999999999996
"prognostic",3,1.183,3.76999999999996
"prognostic",4,0.994,3.22999999999997
"prognostic",5,1.074,3.39999999999997
"prognostic",6,1.07,4.19999999999995
"prognostic",7,1.093,4.25999999999995
"prognostic",8,0.981,3.89999999999996
"prognostic",9,1.153,5.51999999999993
"prognostic",10,1.045,4.96999999999994
"mahalanobis",1,1.119,2.35999999999999
"mahalanobis",2,1.2,3.62999999999997
"mahalanobis",3,1.101,3.71999999999996
"mahalanobis",4,0.925,2.84999999999998
"mahalanobis",5,0.923,3.02999999999998
"mahalanobis",6,0.933,3.14999999999998
"mahalanobis",7,0.985,3.58999999999997
"mahalanobis",8,1.014,3.79999999999996
"mahalanobis",9,1.031,4.12999999999996
"mahalanobis",10,1.053,4.11999999999996
"propensity",1,0.887,1.23
"propensity",2,0.916,1.63
"propensity",3,0.787,1.67
"propensity",4,0.799,1.88
"propensity",5,0.792,1.83
"propensity",6,0.875,2.2
"propensity",7,0.886,2.21
"propensity",8,0.936,2.46999999999999
"propensity",9,0.953,2.65999999999999
"propensity",10,0.972,2.67999999999999
"prognostic",1,1.358,2.38999999999999
"prognostic",2,1.214,3.22999999999997
"prognostic",3,1.007,2.21
"prognostic",4,1.067,3.69999999999996
"prognostic",5,1.027,3.66999999999997
"prognostic",6,1.058,2.96999999999998
"prognostic",7,1.096,3.97999999999996
"prognostic",8,1.19,4.69999999999994
"prognostic",9,1.038,4.00999999999996
"prognostic",10,1.134,3.40999999999997
"mahalanobis",1,0.939,1.68
"mahalanobis",2,0.932,2.26
"mahalanobis",3,1.004,3.04999999999998
"mahalanobis",4,1.119,3.81999999999996
"mahalanobis",5,1.17,4.08999999999996
"mahalanobis",6,1.194,4.68999999999994
"mahalanobis",7,1.206,5.02999999999994
"mahalanobis",8,1.197,5.36999999999993
"mahalanobis",9,1.204,5.11999999999993
"mahalanobis",10,1.181,5.12999999999993
"propensity",1,1.008,1.6
"propensity",2,1.155,2.41999999999999
"propensity",3,0.967,1.88
"propensity",4,0.868,1.8
"propensity",5,0.86,1.92
"propensity",6,0.911,2.13
"propensity",7,0.965,2.39999999999999
"propensity",8,1.001,2.58999999999999
"propensity",9,1.02,2.63999999999999
"propensity",10,1.024,2.60999999999999
"prognostic",1,0.768,1.44
"prognostic",2,1.144,2.63999999999999
"prognostic",3,1.16,3.46999999999997
"prognostic",4,1.148,3.23999999999997
"prognostic",5,1.062,3.46999999999997
"prognostic",6,1.198,4.36999999999995
"prognostic",7,0.951,2.60999999999999
"prognostic",8,1.073,4.27999999999995
"prognostic",9,1.135,4.21999999999995
"prognostic",10,1.112,3.66999999999997
"mahalanobis",1,0.757,1.64
"mahalanobis",2,0.941,2.73999999999999
"mahalanobis",3,0.854,2.72999999999999
"mahalanobis",4,0.994,3.47999999999997
"mahalanobis",5,1.028,3.95999999999996
"mahalanobis",6,1.039,4.14999999999996
"mahalanobis",7,1.042,4.34999999999995
"mahalanobis",8,1.084,4.72999999999994
"mahalanobis",9,1.085,4.72999999999994
"mahalanobis",10,1.114,4.92999999999994
"propensity",1,0.694,1.09
"propensity",2,0.944,1.74
"propensity",3,0.924,1.77
"propensity",4,0.896,1.89
"propensity",5,0.915,2.03
"propensity",6,0.874,2
"propensity",7,0.832,1.92
"propensity",8,0.835,2.05
"propensity",9,0.836,2.08
"propensity",10,0.86,2.18
"prognostic",1,0.589,1.39
"prognostic",2,0.89,2.54999999999999
"prognostic",3,0.895,2.95999999999998
"prognostic",4,0.8,2.46999999999999
"prognostic",5,0.802,2.80999999999998
"prognostic",6,0.749,2.80999999999998
"prognostic",7,0.803,3.06999999999998
"prognostic",8,0.755,2.60999999999999
"prognostic",9,0.821,2.79999999999998
"prognostic",10,0.951,3.70999999999996
"mahalanobis",1,0.773,1.78
"mahalanobis",2,0.794,2.14
"mahalanobis",3,0.852,2.71999999999999
"mahalanobis",4,0.849,2.91999999999998
"mahalanobis",5,0.866,3.01999999999998
"mahalanobis",6,0.842,2.97999999999998
"mahalanobis",7,0.843,3.00999999999998
"mahalanobis",8,0.852,2.96999999999998
"mahalanobis",9,0.875,3.13999999999998
"mahalanobis",10,0.835,2.90999999999998
"propensity",1,0.752,1.28
"propensity",2,0.956,2.14
"propensity",3,1.045,2.67999999999999
"propensity",4,1.029,2.74999999999998
"propensity",5,0.982,2.58999999999999
"propensity",6,0.969,2.54999999999999
"propensity",7,0.981,2.65999999999999
"propensity",8,1.019,2.79999999999998
"propensity",9,1.007,2.79999999999998
"propensity",10,0.972,2.51999999999999
"prognostic",1,0.541,1.1
"prognostic",2,0.871,2.53999999999999
"prognostic",3,0.918,2.45999999999999
"prognostic",4,1.005,3.36999999999997
"prognostic",5,1.075,3.51999999999997
"prognostic",6,0.977,3.78999999999996
"prognostic",7,1.007,3.53999999999997
"prognostic",8,0.991,3.37999999999997
"prognostic",9,0.917,3.07999999999998
"prognostic",10,0.987,3.75999999999996
"mahalanobis",1,0.681,1.91
"mahalanobis",2,1.058,3.01999999999998
"mahalanobis",3,1.071,3.32999999999997
"mahalanobis",4,1.034,3.61999999999997
"mahalanobis",5,1.006,3.65999999999997
"mahalanobis",6,1.001,3.65999999999997
"mahalanobis",7,1.015,3.69999999999996
"mahalanobis",8,1.044,3.79999999999996
"mahalanobis",9,1.043,3.85999999999996
"mahalanobis",10,1.063,4.11999999999996
"propensity",1,0.807,1.5
"propensity",2,0.96,2
"propensity",3,0.887,1.93
"propensity",4,0.949,2.23
"propensity",5,0.877,2.24
"propensity",6,0.851,2.2
"propensity",7,0.885,2.31999999999999
"propensity",8,0.838,2.2
"propensity",9,0.84,2.16
"propensity",10,0.848,2.15
"prognostic",1,0.688,1.3
"prognostic",2,1.156,3.21999999999997
"prognostic",3,0.69,1.92
"prognostic",4,0.903,2.77999999999998
"prognostic",5,0.79,2.2
"prognostic",6,0.955,3.88999999999996
"prognostic",7,0.858,2.87999999999998
"prognostic",8,0.845,2.81999999999998
"prognostic",9,0.77,2.51999999999999
"prognostic",10,0.757,2.31999999999999
"mahalanobis",1,0.917,2.23
"mahalanobis",2,0.908,2.89999999999998
"mahalanobis",3,0.83,2.33999999999999
"mahalanobis",4,0.779,2.23
"mahalanobis",5,0.794,2.33999999999999
"mahalanobis",6,0.783,2.32999999999999
"mahalanobis",7,0.843,2.66999999999999
"mahalanobis",8,0.83,2.66999999999999
"mahalanobis",9,0.851,2.83999999999998
"mahalanobis",10,0.856,2.85999999999998
"propensity",1,0.659,1.2
"propensity",2,0.673,1.48
"propensity",3,0.778,1.84
"propensity",4,0.854,2.26
"propensity",5,0.858,2.35999999999999
"propensity",6,0.907,2.75999999999998
"propensity",7,0.907,2.89999999999998
"propensity",8,0.901,2.94999999999998
"propensity",9,0.955,3.20999999999998
"propensity",10,0.946,3.19999999999998
"prognostic",1,1.313,3.33999999999997
"prognostic",2,1.184,4.78999999999994
"prognostic",3,0.985,3.49999999999997
"prognostic",4,1.069,3.63999999999997
"prognostic",5,0.947,4.58999999999995
"prognostic",6,1.041,4.30999999999995
"prognostic",7,1.079,5.19999999999993
"prognostic",8,0.983,3.98999999999996
"prognostic",9,1.101,5.77999999999992
"prognostic",10,1.095,5.10999999999993
"mahalanobis",1,1.086,2.46999999999999
"mahalanobis",2,1.144,3.74999999999996
"mahalanobis",3,1.22,4.62999999999994
"mahalanobis",4,1.214,5.13999999999993
"mahalanobis",5,1.147,4.91999999999994
"mahalanobis",6,1.104,4.93999999999994
"mahalanobis",7,1.127,5.29999999999993
"mahalanobis",8,1.124,5.77999999999992
"mahalanobis",9,1.134,5.85999999999992
"mahalanobis",10,1.132,5.93999999999992
"propensity",1,0.917,1.58
"propensity",2,0.95,1.86
"propensity",3,1.016,2.18
"propensity",4,1.072,2.56999999999999
"propensity",5,1.06,2.64999999999999
"propensity",6,1.08,2.85999999999998
"propensity",7,1.112,3.09999999999998
"propensity",8,1.106,3.13999999999998
"propensity",9,1.118,3.28999999999997
"propensity",10,1.163,3.52999999999997
"prognostic",1,1.059,2.19
"prognostic",2,1.197,5.17999999999993
"prognostic",3,1.264,5.05999999999994
"prognostic",4,1.212,4.48999999999995
"prognostic",5,1.142,4.31999999999995
"prognostic",6,1.097,3.53999999999997
"prognostic",7,1.223,5.57999999999992
"prognostic",8,1.198,6.6599999999999
"prognostic",9,1.25,8.77999999999986
"prognostic",10,1.213,6.96999999999989
"mahalanobis",1,1.521,4.79999999999994
"mahalanobis",2,1.495,7.13999999999989
"mahalanobis",3,1.495,7.90999999999987
"mahalanobis",4,1.417,7.91999999999987
"mahalanobis",5,1.368,7.59999999999988
"mahalanobis",6,1.365,7.73999999999988
"mahalanobis",7,1.323,7.73999999999988
"mahalanobis",8,1.316,8.25999999999987
"mahalanobis",9,1.302,8.39999999999987
"mahalanobis",10,1.287,8.36999999999987
"propensity",1,1.114,2.03
"propensity",2,1.266,3.38999999999997
"propensity",3,1.292,4.39999999999995
"propensity",4,1.289,4.45999999999995
"propensity",5,1.29,4.89999999999994
"propensity",6,1.272,4.94999999999994
"propensity",7,1.281,5.63999999999992
"propensity",8,1.3,5.40999999999993
"propensity",9,1.277,5.31999999999993
"propensity",10,1.289,5.54999999999993
"prognostic",1,1.57,4.65999999999994
"prognostic",2,1.126,3.44999999999997
"prognostic",3,1.278,5.22999999999993
"prognostic",4,1.246,5.67999999999992
"prognostic",5,1.307,6.44999999999991
"prognostic",6,1.241,4.65999999999994
"prognostic",7,1.329,7.59999999999988
"prognostic",8,1.289,6.6899999999999
"prognostic",9,1.257,8.29999999999987
"prognostic",10,1.298,7.12999999999989
"mahalanobis",1,1.098,2.14
"mahalanobis",2,1.216,3.46999999999997
"mahalanobis",3,1.222,4.14999999999996
"mahalanobis",4,1.329,5.19999999999993
"mahalanobis",5,1.382,6.20999999999991
"mahalanobis",6,1.364,7.09999999999989
"mahalanobis",7,1.36,7.71999999999988
"mahalanobis",8,1.356,8.17999999999987
"mahalanobis",9,1.363,8.67999999999986
"mahalanobis",10,1.353,8.55999999999986
