"method","k","estimate","gamma"
"propensity",1,0.826,1.44
"propensity",2,0.916,2.1
"propensity",3,0.893,2.51999999999999
"propensity",4,0.84,2.27999999999999
"propensity",5,0.878,2.37999999999999
"propensity",6,0.912,2.61999999999999
"propensity",7,0.947,2.82999999999998
"propensity",8,0.978,3.01999999999998
"propensity",9,0.988,3.14999999999998
"propensity",10,1.024,3.39999999999997
"prognostic",1,1,2.03
"prognostic",2,1.247,3.18999999999998
"prognostic",3,1.135,4.14999999999996
"prognostic",4,1.099,3.56999999999997
"prognostic",5,1.055,5.00999999999994
"prognostic",6,1.005,4.11999999999996
"prognostic",7,0.893,3.08999999999998
"prognostic",8,1.124,5.04999999999994
"prognostic",9,1.049,4.07999999999996
"prognostic",10,1.05,3.62999999999997
"mahalanobis",1,0.908,2.43999999999999
"mahalanobis",2,1.008,3.13999999999998
"mahalanobis",3,1.123,4.34999999999995
"mahalanobis",4,1.249,5.71999999999992
"mahalanobis",5,1.258,6.41999999999991
"mahalanobis",6,1.229,6.18999999999991
"mahalanobis",7,1.248,6.97999999999989
"mahalanobis",8,1.2,6.08999999999991
"mahalanobis",9,1.172,6.19999999999991
"mahalanobis",10,1.162,6.18999999999991
"propensity",1,0.971,1.52
"propensity",2,1.045,1.98
"propensity",3,1.075,2.28999999999999
"propensity",4,1.07,2.46999999999999
"propensity",5,1.065,2.68999999999999
"propensity",6,1.055,2.70999999999999
"propensity",7,1.01,2.56999999999999
"propensity",8,1.06,2.70999999999999
"propensity",9,1.083,2.94999999999998
"propensity",10,1.091,3.06999999999998
"prognostic",1,1.315,2.64999999999999
"prognostic",2,0.865,1.81
"prognostic",3,1.185,3.28999999999997
"prognostic",4,1.082,4.20999999999995
"prognostic",5,1.19,3.87999999999996
"prognostic",6,1.086,4.00999999999996
"prognostic",7,0.966,3.75999999999996
"prognostic",8,1.021,4.26999999999995
"prognostic",9,1.062,4.50999999999995
"prognostic",10,1.086,3.63999999999997
"mahalanobis",1,0.964,2.83999999999998
"mahalanobis",2,0.873,2.59999999999999
"mahalanobis",3,0.892,3.09999999999998
"mahalanobis",4,0.918,3.55999999999997
"mahalanobis",5,0.899,3.33999999999997
"mahalanobis",6,0.95,3.77999999999996
"mahalanobis",7,1.012,4.05999999999996
"mahalanobis",8,1.044,4.51999999999995
"mahalanobis",9,1.081,4.86999999999994
"mahalanobis",10,1.108,4.98999999999994
"propensity",1,0.588,1.13
"propensity",2,0.882,1.86
"propensity",3,0.916,2.33999999999999
"propensity",4,0.935,2.36999999999999
"propensity",5,0.953,2.53999999999999
"propensity",6,0.949,2.56999999999999
"propensity",7,0.904,2.46999999999999
"propensity",8,0.885,2.37999999999999
"propensity",9,0.873,2.42999999999999
"propensity",10,0.843,2.37999999999999
"prognostic",1,0.864,1.9
"prognostic",2,0.839,1.98
"prognostic",3,0.928,3.89999999999996
"prognostic",4,0.907,2.71999999999999
"prognostic",5,0.738,2.11
"prognostic",6,0.834,2.35999999999999
"prognostic",7,0.815,2.55999999999999
"prognostic",8,0.821,3.07999999999998
"prognostic",9,0.847,2.90999999999998
"prognostic",10,0.801,2.63999999999999
"mahalanobis",1,1.09,2.12
"mahalanobis",2,1.034,2.90999999999998
"mahalanobis",3,1.096,3.92999999999996
"mahalanobis",4,1.038,3.89999999999996
"mahalanobis",5,0.988,3.71999999999996
"mahalanobis",6,1.018,3.98999999999996
"mahalanobis",7,1.042,4.40999999999995
"mahalanobis",8,1.059,4.67999999999994
"mahalanobis",9,1.03,4.25999999999995
"mahalanobis",10,1.018,4.20999999999995
"propensity",1,0.929,1.24
"propensity",2,1.009,1.81
"propensity",3,1.189,2.30999999999999
"propensity",4,1.164,2.51999999999999
"propensity",5,1.102,2.52999999999999
"propensity",6,1.116,2.60999999999999
"propensity",7,1.113,2.75999999999998
"propensity",8,1.147,2.84999999999998
"propensity",9,1.145,2.99999999999998
"propensity",10,1.159,3.11999999999998
"prognostic",1,1.484,3.95999999999996
"prognostic",2,1.048,1.99
"prognostic",3,0.945,2.45999999999999
"prognostic",4,1.152,2.88999999999998
"prognostic",5,1.145,4.00999999999996
"prognostic",6,1.136,4.51999999999995
"prognostic",7,1.087,4.39999999999995
"prognostic",8,1.159,4.63999999999994
"prognostic",9,1.099,4.51999999999995
"prognostic",10,1.219,4.62999999999994
"mahalanobis",1,1.106,2.07
"mahalanobis",2,1.275,3.25999999999997
"mahalanobis",3,1.253,4.06999999999996
"mahalanobis",4,1.333,4.82999999999994
"mahalanobis",5,1.342,5.38999999999993
"mahalanobis",6,1.32,5.60999999999992
"mahalanobis",7,1.28,5.36999999999993
"mahalanobis",8,1.284,5.57999999999992
"mahalanobis",9,1.296,6.02999999999991
"mahalanobis",10,1.365,6.7999999999999
"propensity",1,1.282,1.95
"propensity",2,1.267,2.60999999999999
"propensity",3,1.283,3.14999999999998
"propensity",4,1.301,3.28999999999997
"propensity",5,1.212,3.13999999999998
"propensity",6,1.123,2.83999999999998
"propensity",7,1.16,3.16999999999998
"propensity",8,1.146,3.16999999999998
"propensity",9,1.135,3.11999999999998
"propensity",10,1.136,3.19999999999998
"prognostic",1,1.355,3.42999999999997
"prognostic",2,1.033,3.36999999999997
"prognostic",3,1.055,3.29999999999997
"prognostic",4,1.137,3.48999999999997
"prognostic",5,1.069,4.69999999999994
"prognostic",6,1.125,4.62999999999994
"prognostic",7,1.166,5.91999999999992
"prognostic",8,1.122,4.75999999999994
"prognostic",9,1.215,4.93999999999994
"prognostic",10,1.17,4.72999999999994
"mahalanobis",1,1.274,3.24999999999997
"mahalanobis",2,1.157,3.54999999999997
"mahalanobis",3,1.178,4.17999999999995
"mahalanobis",4,1.262,4.89999999999994
"mahalanobis",5,1.248,4.99999999999994
"mahalanobis",6,1.172,4.73999999999994
"mahalanobis",7,1.119,4.49999999999995
"mahalanobis",8,1.11,4.74999999999994
"mahalanobis",9,1.102,4.92999999999994
"mahalanobis",10,1.099,4.88999999999994
"propensity",1,1.24,1.89
"propensity",2,1.098,2.09
"propensity",3,0.914,1.85
"propensity",4,0.933,2.02
"propensity",5,1.008,2.55999999999999
"propensity",6,1.134,3.13999999999998
"propensity",7,1.145,3.06999999999998
"propensity",8,1.124,3.16999999999998
"propensity",9,1.154,3.33999999999997
"propensity",10,1.144,3.27999999999997
"prognostic",1,0.997,2.36999999999999
"prognostic",2,1.198,3.07999999999998
"prognostic",3,1.119,4.03999999999996
"prognostic",4,1.137,3.32999999999997
"prognostic",5,1.238,4.04999999999996
"prognostic",6,1.176,5.14999999999993
"prognostic",7,1.169,6.6399999999999
"prognostic",8,1.182,5.56999999999992
"prognostic",9,1.242,6.26999999999991
"prognostic",10,1.239,6.47999999999991
"mahalanobis",1,1.344,2.56999999999999
"mahalanobis",2,1.2,3.33999999999997
"mahalanobis",3,1.205,3.84999999999996
"mahalanobis",4,1.19,4.34999999999995
"mahalanobis",5,1.179,4.51999999999995
"mahalanobis",6,1.222,5.06999999999994
"mahalanobis",7,1.208,4.98999999999994
"mahalanobis",8,1.216,5.01999999999994
"mahalanobis",9,1.198,5.02999999999994
"mahalanobis",10,1.195,5.35999999999993
"propensity",1,0.954,1.63
"propensity",2,0.734,1.58
"propensity",3,0.796,1.88
"propensity",4,0.777,1.91
"propensity",5,0.79,2.08
"propensity",6,0.67,1.64
"propensity",7,0.617,1.47
"propensity",8,0.665,1.63
"propensity",9,0.661,1.64
"propensity",10,0.63,1.56
"prognostic",1,0.91,2.05
"prognostic",2,0.778,1.72
"prognostic",3,0.796,2.19
"prognostic",4,0.61,1.74
"prognostic",5,0.818,2.26
"prognostic",6,0.697,1.98
"prognostic",7,0.726,2.01
"prognostic",8,0.756,2.24
"prognostic",9,0.863,2.58999999999999
"prognostic",10,0.772,2.43999999999999
"mahalanobis",1,0.744,1.54
"mahalanobis",2,0.79,2.08
"mahalanobis",3,0.804,2.43999999999999
"mahalanobis",4,0.724,2.18
"mahalanobis",5,0.712,2.16
"mahalanobis",6,0.737,2.26
"mahalanobis",7,0.795,2.41999999999999
"mahalanobis",8,0.748,2.36999999999999
"mahalanobis",9,0.753,2.38999999999999
"mahalanobis",10,0.761,2.42999999999999
"propensity",1,0.465,1
"propensity",2,0.29,1
"propensity",3,0.307,1
"propensity",4,0.374,1
"propensity",5,0.441,1.03
"propensity",6,0.45,1.06
"propensity",7,0.493,1.15
"propensity",8,0.504,1.19
"propensity",9,0.539,1.29
"propensity",10,0.504,1.22
"prognostic",1,0.611,1.2
"prognostic",2,0.75,1.77
"prognostic",3,0.537,1.2
"prognostic",4,0.662,1.38
"prognostic",5,0.56,1.45
"prognostic",6,0.572,1.49
"prognostic",7,0.533,1.54
"prognostic",8,0.486,1.19
"prognostic",9,0.655,2.06
"prognostic",10,0.604,1.52
"mahalanobis",1,0.543,1.1
"mahalanobis",2,0.454,1.14
"mahalanobis",3,0.48,1.29
"mahalanobis",4,0.512,1.43
"mahalanobis",5,0.558,1.51
"mahalanobis",6,0.617,1.64
"mahalanobis",7,0.601,1.63
"mahalanobis",8,0.625,1.75
"mahalanobis",9,0.642,1.81
"mahalanobis",10,0.653,1.87
"propensity",1,0.336,1
"propensity",2,0.444,1.06
"propensity",3,0.596,1.41
"propensity",4,0.65,1.54
"propensity",5,0.623,1.47
"propensity",6,0.709,1.7
"propensity",7,0.667,1.61
"propensity",8,0.709,1.78
"propensity",9,0.744,1.89
"propensity",10,0.771,2.01
"prognostic",1,0.869,1.71
"prognostic",2,0.867,2.09
"prognostic",3,0.719,2.03
"prognostic",4,0.765,2.48999999999999
"prognostic",5,0.909,3.04999999999998
"prognostic",6,0.862,2.92999999999998
"prognostic",7,0.793,2.58999999999999
"prognostic",8,0.769,2.60999999999999
"prognostic",9,0.736,2.31999999999999
"prognostic",10,0.683,2.15
"mahalanobis",1,0.921,2.59999999999999
"mahalanobis",2,0.839,2.28999999999999
"mahalanobis",3,0.825,2.39999999999999
"mahalanobis",4,0.776,2.31999999999999
"mahalanobis",5,0.812,2.51999999999999
"mahalanobis",6,0.803,2.48999999999999
"mahalanobis",7,0.826,2.64999999999999
"mahalanobis",8,0.835,2.81999999999998
"mahalanobis",9,0.829,2.76999999999998
"mahalanobis",10,0.833,2.73999999999999
"propensity",1,1.174,2.33999999999999
"propensity",2,1.113,2.50999999999999
"propensity",3,1.205,3.26999999999997
"propensity",4,1.108,3.13999999999998
"propensity",5,1.102,3.18999999999998
"propensity",6,1.044,2.80999999999998
"propensity",7,1,2.73999999999999
"propensity",8,1.002,2.73999999999999
"propensity",9,1.035,2.95999999999998
"propensity",10,1.026,2.79999999999998
"prognostic",1,1.205,2.36999999999999
"prognostic",2,0.952,2.13
"prognostic",3,1.18,2.58999999999999
"prognostic",4,1.247,4.17999999999995
"prognostic",5,1.075,3.99999999999996
"prognostic",6,1.207,3.89999999999996
"prognostic",7,0.98,2.95999999999998
"prognostic",8,1.137,3.51999999999997
"prognostic",9,1.101,3.02999999999998
"prognostic",10,1.148,4.14999999999996
"mahalanobis",1,1.288,2.36999999999999
"mahalanobis",2,1.245,3.30999999999997
"mahalanobis",3,1.262,4.09999999999996
"mahalanobis",4,1.35,5.31999999999993
"mahalanobis",5,1.296,5.05999999999994
"mahalanobis",6,1.302,5.48999999999993
"mahalanobis",7,1.33,5.86999999999992
"mahalanobis",8,1.369,7.13999999999989
"mahalanobis",9,1.368,7.74999999999988
"mahalanobis",10,1.363,7.58999999999988
