"method","k","estimate","gamma"
"propensity",1,1.158,1.74
"propensity",2,1.134,2.45999999999999
"propensity",3,1.122,3.15999999999998
"propensity",4,1.178,3.52999999999997
"propensity",5,1.132,3.42999999999997
"propensity",6,1.134,3.69999999999996
"propensity",7,1.131,3.94999999999996
"propensity",8,1.161,3.89999999999996
"propensity",9,1.124,3.75999999999996
"propensity",10,1.094,3.34999999999997
"prognostic",1,0.847,1.8
"prognostic",2,1.267,4.15999999999995
"prognostic",3,1.165,5.12999999999993
"prognostic",4,1.125,4.35999999999995
"prognostic",5,1.154,4.12999999999996
"prognostic",6,1.172,4.49999999999995
"prognostic",7,1.126,5.01999999999994
"prognostic",8,1.153,5.87999999999992
"prognostic",9,1.199,6.16999999999991
"prognostic",10,1.233,5.89999999999992
"mahalanobis",1,0.952,2.01
"mahalanobis",2,0.996,2.99999999999998
"mahalanobis",3,0.936,3.39999999999997
"mahalanobis",4,0.992,4.17999999999995
"mahalanobis",5,1.038,4.87999999999994
"mahalanobis",6,1.045,5.02999999999994
"mahalanobis",7,1.066,5.45999999999993
"mahalanobis",8,1.114,5.69999999999992
"mahalanobis",9,1.126,6.30999999999991
"mahalanobis",10,1.118,5.76999999999992
"propensity",1,1.252,2.84999999999998
"propensity",2,1.263,3.64999999999997
"propensity",3,1.191,3.96999999999996
"propensity",4,1.149,4.62999999999994
"propensity",5,1.141,4.92999999999994
"propensity",6,1.161,5.15999999999993
"propensity",7,1.167,5.23999999999993
"propensity",8,1.146,5.32999999999993
"propensity",9,1.134,5.12999999999993
"propensity",10,1.172,5.47999999999993
"prognostic",1,1.363,4.46999999999995
"prognostic",2,1.151,5.02999999999994
"prognostic",3,1.112,3.58999999999997
"prognostic",4,1.144,4.18999999999995
"prognostic",5,1.066,4.47999999999995
"prognostic",6,1.131,5.13999999999993
"prognostic",7,1.174,6.18999999999991
"prognostic",8,1.127,6.5899999999999
"prognostic",9,1.222,6.24999999999991
"prognostic",10,1.18,7.00999999999989
"mahalanobis",1,1.085,2.39999999999999
"mahalanobis",2,1.14,3.50999999999997
"mahalanobis",3,1.163,4.26999999999995
"mahalanobis",4,1.215,4.81999999999994
"mahalanobis",5,1.164,4.76999999999994
"mahalanobis",6,1.194,5.31999999999993
"mahalanobis",7,1.266,6.38999999999991
"mahalanobis",8,1.325,6.9399999999999
"mahalanobis",9,1.307,7.02999999999989
"mahalanobis",10,1.307,7.07999999999989
"propensity",1,1.42,2.09
"propensity",2,1.067,2.24
"propensity",3,1.026,2.46999999999999
"propensity",4,1.03,2.48999999999999
"propensity",5,1.086,2.87999999999998
"propensity",6,1.13,3.32999999999997
"propensity",7,1.106,3.33999999999997
"propensity",8,1.069,3.37999999999997
"propensity",9,1.021,3.33999999999997
"propensity",10,0.987,3.13999999999998
"prognostic",1,0.755,1.24
"prognostic",2,1.065,2.36999999999999
"prognostic",3,1.064,2.66999999999999
"prognostic",4,0.949,2.31999999999999
"prognostic",5,0.961,2.66999999999999
"prognostic",6,1.032,3.26999999999997
"prognostic",7,1.104,4.43999999999995
"prognostic",8,0.991,3.03999999999998
"prognostic",9,1.003,4.20999999999995
"prognostic",10,0.981,3.46999999999997
"mahalanobis",1,1.017,2.27999999999999
"mahalanobis",2,1.112,2.95999999999998
"mahalanobis",3,1.123,3.45999999999997
"mahalanobis",4,1.069,3.26999999999997
"mahalanobis",5,1.126,3.73999999999996
"mahalanobis",6,1.132,3.96999999999996
"mahalanobis",7,1.178,4.51999999999995
"mahalanobis",8,1.222,4.85999999999994
"mahalanobis",9,1.247,4.87999999999994
"mahalanobis",10,1.254,4.90999999999994
"propensity",1,0.827,1.67
"propensity",2,0.912,2.1
"propensity",3,0.86,2
"propensity",4,0.854,2.04
"propensity",5,0.802,1.93
"propensity",6,0.837,2.07
"propensity",7,0.875,2.26
"propensity",8,0.911,2.41999999999999
"propensity",9,0.924,2.49999999999999
"propensity",10,0.894,2.37999999999999
"prognostic",1,0.769,2.17
"prognostic",2,1.029,2.74999999999998
"prognostic",3,0.855,2.24
"prognostic",4,0.874,2.98999999999998
"prognostic",5,0.935,3.04999999999998
"prognostic",6,0.926,2.52999999999999
"prognostic",7,0.974,3.30999999999997
"prognostic",8,1.1,4.11999999999996
"prognostic",9,1.002,4.00999999999996
"prognostic",10,0.803,2.68999999999999
"mahalanobis",1,1.433,3.93999999999996
"mahalanobis",2,1.183,4.15999999999995
"mahalanobis",3,1.16,3.98999999999996
"mahalanobis",4,1.044,3.12999999999998
"mahalanobis",5,1.061,3.79999999999996
"mahalanobis",6,1.091,4.03999999999996
"mahalanobis",7,1.052,4.00999999999996
"mahalanobis",8,1.076,4.23999999999995
"mahalanobis",9,1.068,4.10999999999996
"mahalanobis",10,1.081,4.31999999999995
"propensity",1,0.924,1.47
"propensity",2,0.784,1.46
"propensity",3,0.708,1.47
"propensity",4,0.784,1.79
"propensity",5,0.905,2.27
"propensity",6,0.904,2.35999999999999
"propensity",7,0.965,2.80999999999998
"propensity",8,0.984,2.89999999999998
"propensity",9,0.995,2.98999999999998
"propensity",10,1,3.09999999999998
"prognostic",1,1.033,2.25
"prognostic",2,1.105,3.02999999999998
"prognostic",3,0.901,2.33999999999999
"prognostic",4,0.861,2.57999999999999
"prognostic",5,0.857,2.69999999999999
"prognostic",6,0.953,3.23999999999997
"prognostic",7,1.062,4.13999999999996
"prognostic",8,1.05,3.39999999999997
"prognostic",9,0.922,4.05999999999996
"prognostic",10,0.968,3.21999999999997
"mahalanobis",1,1.331,2.76999999999998
"mahalanobis",2,1.123,3.54999999999997
"mahalanobis",3,0.956,2.94999999999998
"mahalanobis",4,0.983,3.29999999999997
"mahalanobis",5,0.951,3.30999999999997
"mahalanobis",6,0.992,3.46999999999997
"mahalanobis",7,1.029,3.87999999999996
"mahalanobis",8,1.039,4.23999999999995
"mahalanobis",9,1.028,4.02999999999996
"mahalanobis",10,1.032,4.12999999999996
"propensity",1,1.205,1.89
"propensity",2,0.951,1.89
"propensity",3,1.073,2.43999999999999
"propensity",4,1.004,2.48999999999999
"propensity",5,0.983,2.66999999999999
"propensity",6,1.052,3.03999999999998
"propensity",7,1.016,3.18999999999998
"propensity",8,0.989,3.07999999999998
"propensity",9,0.997,3.23999999999997
"propensity",10,0.997,3.25999999999997
"prognostic",1,1.081,1.83
"prognostic",2,1.111,2.91999999999998
"prognostic",3,0.979,2.90999999999998
"prognostic",4,1.028,3.16999999999998
"prognostic",5,1.087,4.18999999999995
"prognostic",6,1.024,3.59999999999997
"prognostic",7,1.095,3.98999999999996
"prognostic",8,1.002,3.49999999999997
"prognostic",9,1.022,4.63999999999994
"prognostic",10,1.086,4.36999999999995
"mahalanobis",1,1.388,3.85999999999996
"mahalanobis",2,1.303,4.47999999999995
"mahalanobis",3,1.173,3.91999999999996
"mahalanobis",4,1.128,4.19999999999995
"mahalanobis",5,1.091,4.42999999999995
"mahalanobis",6,1.088,4.74999999999994
"mahalanobis",7,1.136,5.08999999999994
"mahalanobis",8,1.098,4.41999999999995
"mahalanobis",9,1.079,4.35999999999995
"mahalanobis",10,1.086,4.45999999999995
"propensity",1,1.005,1.5
"propensity",2,1.039,2.1
"propensity",3,1.081,2.43999999999999
"propensity",4,1.075,2.67999999999999
"propensity",5,1.101,2.93999999999998
"propensity",6,1.02,2.61999999999999
"propensity",7,1.033,2.77999999999998
"propensity",8,1.034,2.81999999999998
"propensity",9,1.057,3.00999999999998
"propensity",10,1.063,3.08999999999998
"prognostic",1,0.877,1.86
"prognostic",2,0.994,3.20999999999998
"prognostic",3,0.969,3.27999999999997
"prognostic",4,0.955,3.05999999999998
"prognostic",5,0.922,3.50999999999997
"prognostic",6,0.977,3.70999999999996
"prognostic",7,1.081,4.72999999999994
"prognostic",8,0.978,3.57999999999997
"prognostic",9,1.104,4.28999999999995
"prognostic",10,1.042,3.85999999999996
"mahalanobis",1,0.908,1.91
"mahalanobis",2,1.051,2.95999999999998
"mahalanobis",3,1.113,3.78999999999996
"mahalanobis",4,1.066,3.36999999999997
"mahalanobis",5,1.03,3.50999999999997
"mahalanobis",6,1.065,3.89999999999996
"mahalanobis",7,1.058,3.84999999999996
"mahalanobis",8,0.983,3.36999999999997
"mahalanobis",9,0.94,3.24999999999997
"mahalanobis",10,0.96,3.53999999999997
"propensity",1,0.75,1.21
"propensity",2,0.661,1.34
"propensity",3,0.57,1.24
"propensity",4,0.563,1.27
"propensity",5,0.607,1.31
"propensity",6,0.662,1.51
"propensity",7,0.699,1.65
"propensity",8,0.67,1.59
"propensity",9,0.661,1.62
"propensity",10,0.65,1.55
"prognostic",1,0.952,1.77
"prognostic",2,0.907,2.49999999999999
"prognostic",3,0.683,1.7
"prognostic",4,0.643,1.66
"prognostic",5,0.688,1.86
"prognostic",6,0.726,2.11
"prognostic",7,0.569,1.65
"prognostic",8,0.691,2.1
"prognostic",9,0.693,1.95
"prognostic",10,0.725,2.19
"mahalanobis",1,0.673,1.68
"mahalanobis",2,0.646,1.7
"mahalanobis",3,0.605,1.82
"mahalanobis",4,0.663,2.01
"mahalanobis",5,0.676,2.08
"mahalanobis",6,0.7,2.19
"mahalanobis",7,0.72,2.19
"mahalanobis",8,0.735,2.32999999999999
"mahalanobis",9,0.775,2.59999999999999
"mahalanobis",10,0.781,2.63999999999999
"propensity",1,0.834,1.14
"propensity",2,1.009,1.64
"propensity",3,0.99,2.05
"propensity",4,1.023,2.2
"propensity",5,1.031,2.46999999999999
"propensity",6,1.107,2.99999999999998
"propensity",7,1.095,2.68999999999999
"propensity",8,1.056,2.55999999999999
"propensity",9,1.066,2.73999999999999
"propensity",10,1.017,2.54999999999999
"prognostic",1,1.158,1.79
"prognostic",2,1.074,2.1
"prognostic",3,0.833,1.87
"prognostic",4,1.115,3.37999999999997
"prognostic",5,1.165,3.70999999999996
"prognostic",6,1.176,4.80999999999994
"prognostic",7,1.02,3.21999999999997
"prognostic",8,1.114,3.48999999999997
"prognostic",9,1.035,3.60999999999997
"prognostic",10,1.024,3.37999999999997
"mahalanobis",1,0.958,1.74
"mahalanobis",2,1.036,2.26
"mahalanobis",3,1.032,2.71999999999999
"mahalanobis",4,1.077,3.40999999999997
"mahalanobis",5,1.121,3.55999999999997
"mahalanobis",6,1.155,3.93999999999996
"mahalanobis",7,1.117,3.79999999999996
"mahalanobis",8,1.097,3.71999999999996
"mahalanobis",9,1.104,3.68999999999996
"mahalanobis",10,1.14,3.90999999999996
"propensity",1,0.958,1.6
"propensity",2,1.028,2.07
"propensity",3,1.108,2.59999999999999
"propensity",4,1.02,2.30999999999999
"propensity",5,0.976,2.46999999999999
"propensity",6,0.949,2.46999999999999
"propensity",7,0.974,2.58999999999999
"propensity",8,1.061,2.97999999999998
"propensity",9,1.057,2.92999999999998
"propensity",10,1.049,2.86999999999998
"prognostic",1,0.722,1.53
"prognostic",2,1.268,3.78999999999996
"prognostic",3,1.079,3.34999999999997
"prognostic",4,1.045,3.62999999999997
"prognostic",5,0.951,3.13999999999998
"prognostic",6,1.066,4.41999999999995
"prognostic",7,1.019,3.53999999999997
"prognostic",8,1.129,4.81999999999994
"prognostic",9,1.076,4.46999999999995
"prognostic",10,1.069,4.85999999999994
"mahalanobis",1,1.402,3.55999999999997
"mahalanobis",2,1.326,4.45999999999995
"mahalanobis",3,1.212,4.26999999999995
"mahalanobis",4,1.204,4.08999999999996
"mahalanobis",5,1.187,4.34999999999995
"mahalanobis",6,1.127,4.19999999999995
"mahalanobis",7,1.123,4.30999999999995
"mahalanobis",8,1.141,4.61999999999995
"mahalanobis",9,1.122,4.47999999999995
"mahalanobis",10,1.14,4.90999999999994
