"method","k","estimate","gamma"
"propensity",1,0.994,1.88
"propensity",2,1.095,2.48999999999999
"propensity",3,1.13,3.06999999999998
"propensity",4,1.196,3.42999999999997
"propensity",5,1.194,3.75999999999996
"propensity",6,1.231,4.04999999999996
"propensity",7,1.191,4.06999999999996
"propensity",8,1.202,4.02999999999996
"propensity",9,1.196,4.23999999999995
"propensity",10,1.175,3.87999999999996
"prognostic",1,1.027,2.02
"prognostic",2,1.22,3.44999999999997
"prognostic",3,0.977,1.99
"prognostic",4,1.072,3.10999999999998
"prognostic",5,0.973,2.76999999999998
"prognostic",6,1.087,3.99999999999996
"prognostic",7,1.001,3.42999999999997
"prognostic",8,1.022,3.23999999999997
"prognostic",9,1.047,3.89999999999996
"prognostic",10,1.16,5.33999999999993
"mahalanobis",1,1.321,4.42999999999995
"mahalanobis",2,1.169,3.87999999999996
"mahalanobis",3,1.032,2.78999999999998
"mahalanobis",4,0.96,2.74999999999998
"mahalanobis",5,0.96,3.01999999999998
"mahalanobis",6,1.047,3.71999999999996
"mahalanobis",7,1.06,4.05999999999996
"mahalanobis",8,1.085,4.22999999999995
"mahalanobis",9,1.077,4.28999999999995
"mahalanobis",10,1.086,4.26999999999995
"propensity",1,0.571,1.01
"propensity",2,0.737,1.46
"propensity",3,0.843,1.6
"propensity",4,0.801,1.65
"propensity",5,0.791,1.72
"propensity",6,0.758,1.66
"propensity",7,0.745,1.59
"propensity",8,0.785,1.73
"propensity",9,0.8,1.82
"propensity",10,0.793,1.8
"prognostic",1,0.412,1
"prognostic",2,0.871,2.36999999999999
"prognostic",3,0.835,1.89
"prognostic",4,1.032,2.65999999999999
"prognostic",5,0.833,2.34999999999999
"prognostic",6,0.774,2.57999999999999
"prognostic",7,0.777,2.09
"prognostic",8,0.74,1.97
"prognostic",9,0.865,2.49999999999999
"prognostic",10,0.75,2.09
"mahalanobis",1,0.969,2.81999999999998
"mahalanobis",2,1.06,3.59999999999997
"mahalanobis",3,1.079,4.06999999999996
"mahalanobis",4,1.062,4.57999999999995
"mahalanobis",5,0.973,3.49999999999997
"mahalanobis",6,0.937,3.22999999999997
"mahalanobis",7,0.915,3.20999999999998
"mahalanobis",8,0.944,3.30999999999997
"mahalanobis",9,0.987,3.70999999999996
"mahalanobis",10,0.98,3.52999999999997
"propensity",1,0.431,1
"propensity",2,0.607,1.38
"propensity",3,0.683,1.73
"propensity",4,0.712,1.87
"propensity",5,0.723,1.93
"propensity",6,0.714,2.01
"propensity",7,0.743,2.13
"propensity",8,0.772,2.24
"propensity",9,0.802,2.37999999999999
"propensity",10,0.806,2.35999999999999
"prognostic",1,0.745,1.68
"prognostic",2,0.849,2.29999999999999
"prognostic",3,0.851,2.79999999999998
"prognostic",4,0.825,2.49999999999999
"prognostic",5,0.917,3.93999999999996
"prognostic",6,0.883,3.52999999999997
"prognostic",7,0.921,4.03999999999996
"prognostic",8,0.891,4.06999999999996
"prognostic",9,0.918,3.46999999999997
"prognostic",10,0.853,3.21999999999997
"mahalanobis",1,1.166,2.89999999999998
"mahalanobis",2,1.047,3.03999999999998
"mahalanobis",3,0.974,3.15999999999998
"mahalanobis",4,0.985,3.49999999999997
"mahalanobis",5,1.02,4.31999999999995
"mahalanobis",6,1.07,4.80999999999994
"mahalanobis",7,1.092,5.05999999999994
"mahalanobis",8,1.11,5.40999999999993
"mahalanobis",9,1.086,5.27999999999993
"mahalanobis",10,1.083,5.14999999999993
"propensity",1,0.96,1.63
"propensity",2,0.874,1.84
"propensity",3,0.872,2.02
"propensity",4,0.929,2.44999999999999
"propensity",5,0.907,2.53999999999999
"propensity",6,0.9,2.74999999999998
"propensity",7,0.858,2.59999999999999
"propensity",8,0.916,2.94999999999998
"propensity",9,0.907,2.95999999999998
"propensity",10,0.903,2.91999999999998
"prognostic",1,0.875,1.7
"prognostic",2,1.074,2.80999999999998
"prognostic",3,0.978,3.05999999999998
"prognostic",4,0.975,2.87999999999998
"prognostic",5,1.088,3.35999999999997
"prognostic",6,0.985,3.25999999999997
"prognostic",7,0.928,3.09999999999998
"prognostic",8,1.054,4.19999999999995
"prognostic",9,0.992,3.33999999999997
"prognostic",10,0.967,3.65999999999997
"mahalanobis",1,1.402,2.88999999999998
"mahalanobis",2,1.325,4.05999999999996
"mahalanobis",3,1.242,4.01999999999996
"mahalanobis",4,1.185,3.81999999999996
"mahalanobis",5,1.217,4.51999999999995
"mahalanobis",6,1.176,4.71999999999994
"mahalanobis",7,1.149,4.69999999999994
"mahalanobis",8,1.17,5.07999999999994
"mahalanobis",9,1.144,5.13999999999993
"mahalanobis",10,1.154,5.43999999999993
"propensity",1,0.777,1.51
"propensity",2,0.769,1.88
"propensity",3,0.777,2.05
"propensity",4,0.823,2.44999999999999
"propensity",5,0.766,2.27
"propensity",6,0.812,2.46999999999999
"propensity",7,0.781,2.41999999999999
"propensity",8,0.788,2.54999999999999
"propensity",9,0.823,2.72999999999999
"propensity",10,0.812,2.65999999999999
"prognostic",1,1.066,2.59999999999999
"prognostic",2,0.836,2.37999999999999
"prognostic",3,0.798,2.33999999999999
"prognostic",4,0.683,2.22
"prognostic",5,0.834,2.78999999999998
"prognostic",6,0.779,2.82999999999998
"prognostic",7,0.815,2.85999999999998
"prognostic",8,0.774,2.60999999999999
"prognostic",9,0.856,3.47999999999997
"prognostic",10,0.858,3.03999999999998
"mahalanobis",1,0.7,1.8
"mahalanobis",2,1.073,3.23999999999997
"mahalanobis",3,1.166,4.25999999999995
"mahalanobis",4,1.099,3.84999999999996
"mahalanobis",5,1.091,4.21999999999995
"mahalanobis",6,1.039,4.08999999999996
"mahalanobis",7,1.067,4.48999999999995
"mahalanobis",8,1.079,4.70999999999994
"mahalanobis",9,1.146,5.26999999999993
"mahalanobis",10,1.159,5.44999999999993
"propensity",1,1.251,2.85999999999998
"propensity",2,1.1,2.46999999999999
"propensity",3,0.935,2.35999999999999
"propensity",4,0.924,2.39999999999999
"propensity",5,0.919,2.48999999999999
"propensity",6,0.975,2.66999999999999
"propensity",7,0.985,2.77999999999998
"propensity",8,0.936,2.63999999999999
"propensity",9,0.923,2.55999999999999
"propensity",10,0.948,2.67999999999999
"prognostic",1,0.774,1.71
"prognostic",2,1.012,3.14999999999998
"prognostic",3,1.03,2.99999999999998
"prognostic",4,0.926,3.06999999999998
"prognostic",5,1.024,4.14999999999996
"prognostic",6,1.001,3.88999999999996
"prognostic",7,1.062,4.22999999999995
"prognostic",8,1.11,5.53999999999993
"prognostic",9,1.092,4.39999999999995
"prognostic",10,1.051,4.38999999999995
"mahalanobis",1,0.877,1.74
"mahalanobis",2,0.864,2.37999999999999
"mahalanobis",3,1.009,3.42999999999997
"mahalanobis",4,1.005,3.79999999999996
"mahalanobis",5,1.066,4.52999999999995
"mahalanobis",6,1.1,4.71999999999994
"mahalanobis",7,1.102,5.02999999999994
"mahalanobis",8,1.089,5.18999999999993
"mahalanobis",9,1.093,5.34999999999993
"mahalanobis",10,1.071,5.41999999999993
"propensity",1,0.974,1.7
"propensity",2,1.013,1.92
"propensity",3,1.011,2.13
"propensity",4,1.048,2.40999999999999
"propensity",5,1.074,2.74999999999998
"propensity",6,1.089,2.73999999999999
"propensity",7,1.14,2.86999999999998
"propensity",8,1.126,3.02999999999998
"propensity",9,1.101,2.94999999999998
"propensity",10,1.151,3.16999999999998
"prognostic",1,1.404,3.47999999999997
"prognostic",2,1.556,5.53999999999993
"prognostic",3,1.037,3.67999999999997
"prognostic",4,1.182,4.12999999999996
"prognostic",5,1.216,5.17999999999993
"prognostic",6,1.14,4.50999999999995
"prognostic",7,1.107,4.66999999999994
"prognostic",8,1.264,5.20999999999993
"prognostic",9,1.191,5.54999999999993
"prognostic",10,1.3,8.14999999999987
"mahalanobis",1,0.84,1.98
"mahalanobis",2,1.014,2.70999999999999
"mahalanobis",3,1.087,4.13999999999996
"mahalanobis",4,1.086,4.93999999999994
"mahalanobis",5,1.144,5.14999999999993
"mahalanobis",6,1.19,5.60999999999992
"mahalanobis",7,1.247,5.86999999999992
"mahalanobis",8,1.231,5.69999999999992
"mahalanobis",9,1.253,6.06999999999991
"mahalanobis",10,1.267,6.07999999999991
"propensity",1,1.158,1.9
"propensity",2,1.139,2.07
"propensity",3,1.002,2.04
"propensity",4,1.079,2.40999999999999
"propensity",5,1.066,2.46999999999999
"propensity",6,1.034,2.36999999999999
"propensity",7,1.067,2.63999999999999
"propensity",8,1.063,2.74999999999998
"propensity",9,1.032,2.61999999999999
"propensity",10,1.03,2.64999999999999
"prognostic",1,1.129,2.2
"prognostic",2,0.917,1.82
"prognostic",3,1.096,2.62999999999999
"prognostic",4,0.973,2.70999999999999
"prognostic",5,0.977,3.45999999999997
"prognostic",6,1.038,3.13999999999998
"prognostic",7,0.953,2.92999999999998
"prognostic",8,0.945,3.10999999999998
"prognostic",9,1.003,3.94999999999996
"prognostic",10,0.944,3.33999999999997
"mahalanobis",1,1.001,1.98
"mahalanobis",2,0.911,2.17
"mahalanobis",3,0.969,2.77999999999998
"mahalanobis",4,0.965,3.04999999999998
"mahalanobis",5,0.899,3.01999999999998
"mahalanobis",6,0.947,3.47999999999997
"mahalanobis",7,0.992,3.99999999999996
"mahalanobis",8,0.965,3.81999999999996
"mahalanobis",9,0.953,3.73999999999996
"mahalanobis",10,0.991,3.97999999999996
"propensity",1,1.28,2.32999999999999
"propensity",2,1.289,2.78999999999998
"propensity",3,1.268,3.22999999999997
"propensity",4,1.307,3.64999999999997
"propensity",5,1.236,3.73999999999996
"propensity",6,1.194,3.53999999999997
"propensity",7,1.128,3.09999999999998
"propensity",8,1.106,3.15999999999998
"propensity",9,1.157,3.40999999999997
"propensity",10,1.169,3.61999999999997
"prognostic",1,0.915,1.72
"prognostic",2,1.49,5.25999999999993
"prognostic",3,1.176,4.32999999999995
"prognostic",4,1.201,3.22999999999997
"prognostic",5,1.245,6.5799999999999
"prognostic",6,1.3,6.34999999999991
"prognostic",7,1.17,4.53999999999995
"prognostic",8,1.383,7.47999999999988
"prognostic",9,1.351,8.26999999999987
"prognostic",10,1.195,5.82999999999992
"mahalanobis",1,1.389,3.09999999999998
"mahalanobis",2,1.322,4.64999999999994
"mahalanobis",3,1.299,5.76999999999992
"mahalanobis",4,1.251,5.62999999999992
"mahalanobis",5,1.263,5.89999999999992
"mahalanobis",6,1.237,6.06999999999991
"mahalanobis",7,1.276,7.04999999999989
"mahalanobis",8,1.297,7.58999999999988
"mahalanobis",9,1.316,8.44999999999986
"mahalanobis",10,1.336,8.30999999999987
"propensity",1,0.501,1
"propensity",2,0.429,1.07
"propensity",3,0.432,1.14
"propensity",4,0.417,1.15
"propensity",5,0.468,1.25
"propensity",6,0.467,1.25
"propensity",7,0.484,1.3
"propensity",8,0.49,1.32
"propensity",9,0.545,1.44
"propensity",10,0.554,1.49
"prognostic",1,0.236,1
"prognostic",2,0.583,1.46
"prognostic",3,0.532,1.48
"prognostic",4,0.549,1.63
"prognostic",5,0.589,1.89
"prognostic",6,0.711,2.37999999999999
"prognostic",7,0.636,1.97
"prognostic",8,0.585,1.78
"prognostic",9,0.705,2.40999999999999
"prognostic",10,0.637,2.05
"mahalanobis",1,0.484,1.22
"mahalanobis",2,0.637,1.57
"mahalanobis",3,0.669,1.87
"mahalanobis",4,0.691,2.15
"mahalanobis",5,0.745,2.36999999999999
"mahalanobis",6,0.722,2.27
"mahalanobis",7,0.723,2.33999999999999
"mahalanobis",8,0.735,2.36999999999999
"mahalanobis",9,0.712,2.26
"mahalanobis",10,0.718,2.38999999999999
