"method","k","estimate","gamma"
"propensity",1,0.724,1.35
"propensity",4,1.096,2.54999999999999
"propensity",8,1.517,4.11999999999996
"prognostic",1,0.713,2
"prognostic",4,1.037,4.21999999999995
"prognostic",8,1.562,9.90999999999983
"mahalanobis",1,1.55,4.08999999999996
"mahalanobis",4,1.811,6.16999999999991
"mahalanobis",8,2.147,8.95999999999985
"propensity",1,0.393,1
"propensity",4,0.778,1.48
"propensity",8,1.054,2.05
"prognostic",1,0.723,1.84
"prognostic",4,0.764,2.88999999999998
"prognostic",8,1.132,5.23999999999993
"mahalanobis",1,1.339,2.46999999999999
"mahalanobis",4,1.54,4.04999999999996
"mahalanobis",8,1.739,4.82999999999994
"propensity",1,1.042,1.61
"propensity",4,1.018,2.25
"propensity",8,1.419,3.39999999999997
"prognostic",1,0.939,2.80999999999998
"prognostic",4,1.032,4.96999999999994
"prognostic",8,1.616,15.4599999999997
"mahalanobis",1,1.516,3.11999999999998
"mahalanobis",4,1.821,5.83999999999992
"mahalanobis",8,2.143,8.12999999999987
"propensity",1,1.166,2.02
"propensity",4,1.233,2.84999999999998
"propensity",8,1.497,3.91999999999996
"prognostic",1,1.308,5.02999999999994
"prognostic",4,1.282,6.36999999999991
"prognostic",8,1.658,14.1999999999997
"mahalanobis",1,1.8,4.55999999999995
"mahalanobis",4,1.933,6.5299999999999
"mahalanobis",8,2.149,8.16999999999987
"propensity",1,1.04,1.63
"propensity",4,1.084,2.44999999999999
"propensity",8,1.396,3.66999999999997
"prognostic",1,1.155,3.66999999999997
"prognostic",4,1.19,6.6499999999999
"prognostic",8,1.538,11.1199999999998
"mahalanobis",1,1.916,4.22999999999995
"mahalanobis",4,1.902,5.62999999999992
"mahalanobis",8,2.267,8.71999999999986
"propensity",1,1.078,1.63
"propensity",4,1.516,3.22999999999997
"propensity",8,2.113,6.08999999999991
"prognostic",1,1.092,3.41999999999997
"prognostic",4,1.62,9.21999999999985
"prognostic",8,2.317,28.0900000000016
"mahalanobis",1,1.674,3.69999999999996
"mahalanobis",4,2.009,6.18999999999991
"mahalanobis",8,2.529,11.5099999999998
"propensity",1,1.184,1.99
"propensity",4,1.081,2.51999999999999
"propensity",8,1.482,4.36999999999995
"prognostic",1,0.965,2.60999999999999
"prognostic",4,1.182,4.66999999999994
"prognostic",8,1.663,12.9799999999998
"mahalanobis",1,1.418,2.88999999999998
"mahalanobis",4,1.928,6.7099999999999
"mahalanobis",8,2.236,9.99999999999983
"propensity",1,1.213,1.75
"propensity",4,1.089,2.17
"propensity",8,1.407,3.10999999999998
"prognostic",1,0.929,2.80999999999998
"prognostic",4,1.07,4.96999999999994
"prognostic",8,1.488,10.0799999999998
"mahalanobis",1,1.629,3.67999999999997
"mahalanobis",4,1.845,6.13999999999991
"mahalanobis",8,2.13,8.04999999999987
"propensity",1,1.202,1.7
"propensity",4,0.993,1.83
"propensity",8,1.379,2.86999999999998
"prognostic",1,0.825,2.55999999999999
"prognostic",4,1.131,5.58999999999992
"prognostic",8,1.579,13.2299999999998
"mahalanobis",1,1.577,3.34999999999997
"mahalanobis",4,1.814,5.40999999999993
"mahalanobis",8,2.052,7.50999999999988
"propensity",1,0.87,1.32
"propensity",4,1.362,2.70999999999999
"propensity",8,1.934,4.23999999999995
"prognostic",1,1.052,2.89999999999998
"prognostic",4,1.321,7.38999999999989
"prognostic",8,2.037,23.5600000000009
"mahalanobis",1,1.759,4.14999999999996
"mahalanobis",4,2.042,8.10999999999987
"mahalanobis",8,2.41,11.7199999999998
