"method","k","estimate","gamma"
"propensity",1,0.769,1
"propensity",4,0.974,1.31
"propensity",8,1.172,1.62
"prognostic",1,0.96,2.75999999999998
"prognostic",4,0.886,3.16999999999998
"prognostic",8,1.036,5.65999999999992
"mahalanobis",1,1.318,2.39999999999999
"mahalanobis",4,1.444,3.51999999999997
"mahalanobis",8,1.405,3.33999999999997
"propensity",1,1.35,1.55
"propensity",4,1.273,1.82
"propensity",8,1.526,2.36999999999999
"prognostic",1,1.222,3.92999999999996
"prognostic",4,1.399,6.9199999999999
"prognostic",8,1.63,14.4199999999997
"mahalanobis",1,1.258,2.35999999999999
"mahalanobis",4,1.604,4.51999999999995
"mahalanobis",8,1.881,6.14999999999991
"propensity",1,1.059,1.24
"propensity",4,1.322,1.89
"propensity",8,1.485,2.28999999999999
"prognostic",1,1.137,3.47999999999997
"prognostic",4,1.293,7.51999999999988
"prognostic",8,1.574,13.4999999999998
"mahalanobis",1,1.402,3.24999999999997
"mahalanobis",4,1.569,4.81999999999994
"mahalanobis",8,1.721,5.83999999999992
"propensity",1,0.704,1.03
"propensity",4,0.855,1.26
"propensity",8,1.076,1.54
"prognostic",1,0.952,2.79999999999998
"prognostic",4,0.806,2.81999999999998
"prognostic",8,1.085,5.41999999999993
"mahalanobis",1,1.044,1.88
"mahalanobis",4,1.117,2.45999999999999
"mahalanobis",8,1.402,3.28999999999997
"propensity",1,1.078,1.19
"propensity",4,1.066,1.43
"propensity",8,1.33,1.88
"prognostic",1,1.021,3.42999999999997
"prognostic",4,1.062,5.14999999999993
"prognostic",8,1.328,10.7399999999998
"mahalanobis",1,1.351,2.86999999999998
"mahalanobis",4,1.336,3.32999999999997
"mahalanobis",8,1.54,3.96999999999996
"propensity",1,0.743,1
"propensity",4,0.876,1.24
"propensity",8,1.008,1.43
"prognostic",1,0.983,3.11999999999998
"prognostic",4,0.957,4.71999999999994
"prognostic",8,1.093,6.96999999999989
"mahalanobis",1,0.682,1.5
"mahalanobis",4,1.187,2.88999999999998
"mahalanobis",8,1.326,3.39999999999997
"propensity",1,0.693,1
"propensity",4,1.148,1.5
"propensity",8,1.325,1.81
"prognostic",1,0.972,2.41999999999999
"prognostic",4,1.275,5.56999999999992
"prognostic",8,1.408,9.20999999999985
"mahalanobis",1,1.643,3.48999999999997
"mahalanobis",4,1.363,3.09999999999998
"mahalanobis",8,1.543,3.88999999999996
"propensity",1,1.007,1.3
"propensity",4,1.013,1.39
"propensity",8,1.22,1.74
"prognostic",1,1.01,3.55999999999997
"prognostic",4,1.115,5.09999999999993
"prognostic",8,1.316,9.18999999999985
"mahalanobis",1,1.059,1.77
"mahalanobis",4,1.3,2.95999999999998
"mahalanobis",8,1.598,4.35999999999995
"propensity",1,0.683,1
"propensity",4,0.938,1.28
"propensity",8,1.079,1.45
"prognostic",1,0.881,2.59999999999999
"prognostic",4,0.985,3.83999999999996
"prognostic",8,1.099,6.08999999999991
"mahalanobis",1,1.015,1.66
"mahalanobis",4,0.964,2.06
"mahalanobis",8,1.174,2.55999999999999
"propensity",1,0.683,1
"propensity",4,0.942,1.33
"propensity",8,0.91,1.35
"prognostic",1,0.827,2.32999999999999
"prognostic",4,0.835,3.63999999999997
"prognostic",8,1.06,6.34999999999991
"mahalanobis",1,1.153,2.32999999999999
"mahalanobis",4,1.052,2.54999999999999
"mahalanobis",8,1.163,2.66999999999999
