"method","k","estimate","gamma"
"propensity",1,0.687,1.21
"propensity",4,1.025,2.11
"propensity",8,1.537,3.62999999999997
"prognostic",1,1.005,3.38999999999997
"prognostic",4,1.24,7.27999999999989
"prognostic",8,1.737,14.6199999999997
"mahalanobis",1,1.468,2.90999999999998
"mahalanobis",4,1.738,4.83999999999994
"mahalanobis",8,2.112,7.81999999999988
"propensity",1,1.296,1.79
"propensity",4,1.243,2.43999999999999
"propensity",8,1.552,3.45999999999997
"prognostic",1,1.202,3.65999999999997
"prognostic",4,1.324,7.34999999999989
"prognostic",8,1.753,16.9599999999999
"mahalanobis",1,1.682,4.52999999999995
"mahalanobis",4,1.872,5.50999999999993
"mahalanobis",8,2.195,7.77999999999988
"propensity",1,1.333,1.73
"propensity",4,1.301,2.06
"propensity",8,1.629,2.89999999999998
"prognostic",1,1.065,4.04999999999996
"prognostic",4,1.41,9.00999999999985
"prognostic",8,1.828,20.3100000000004
"mahalanobis",1,1.554,3.72999999999996
"mahalanobis",4,1.833,6.39999999999991
"mahalanobis",8,2.015,8.11999999999987
"propensity",1,0.927,1.48
"propensity",4,1.173,2.46999999999999
"propensity",8,1.514,3.79999999999996
"prognostic",1,1.032,3.02999999999998
"prognostic",4,1.25,6.6299999999999
"prognostic",8,1.692,14.2699999999997
"mahalanobis",1,2.038,6.40999999999991
"mahalanobis",4,2.036,6.5099999999999
"mahalanobis",8,2.342,9.77999999999984
"propensity",1,0.949,1.37
"propensity",4,0.991,1.69
"propensity",8,1.098,2.04
"prognostic",1,0.814,2.18
"prognostic",4,1.02,4.91999999999994
"prognostic",8,1.277,8.48999999999986
"mahalanobis",1,1.409,3.23999999999997
"mahalanobis",4,1.556,4.95999999999994
"mahalanobis",8,1.814,5.94999999999992
"propensity",1,0.837,1.21
"propensity",4,1.082,1.7
"propensity",8,1.181,2
"prognostic",1,1.222,4.57999999999995
"prognostic",4,1.024,4.19999999999995
"prognostic",8,1.199,6.8299999999999
"mahalanobis",1,1.431,2.52999999999999
"mahalanobis",4,1.794,4.87999999999994
"mahalanobis",8,1.73,5.11999999999993
"propensity",1,0.802,1.3
"propensity",4,1.022,1.83
"propensity",8,1.356,2.83999999999998
"prognostic",1,1.209,3.72999999999996
"prognostic",4,1.226,6.41999999999991
"prognostic",8,1.366,10.1499999999998
"mahalanobis",1,1.995,6.6199999999999
"mahalanobis",4,1.793,6.05999999999991
"mahalanobis",8,2.007,7.39999999999989
"propensity",1,0.726,1.09
"propensity",4,1.14,1.89
"propensity",8,1.46,2.54999999999999
"prognostic",1,0.98,3.41999999999997
"prognostic",4,1.181,5.61999999999992
"prognostic",8,1.615,15.2799999999997
"mahalanobis",1,1.5,3.22999999999997
"mahalanobis",4,1.697,5.43999999999993
"mahalanobis",8,1.933,6.6299999999999
"propensity",1,0.656,1.22
"propensity",4,1.072,2.07
"propensity",8,1.536,3.36999999999997
"prognostic",1,1.107,4.49999999999995
"prognostic",4,1.079,6.22999999999991
"prognostic",8,1.611,14.0899999999997
"mahalanobis",1,1.821,4.64999999999994
"mahalanobis",4,1.883,6.6199999999999
"mahalanobis",8,2.121,8.76999999999986
"propensity",1,1.283,2.02
"propensity",4,1.227,2.14
"propensity",8,1.569,3.07999999999998
"prognostic",1,1.026,3.69999999999996
"prognostic",4,1.217,6.28999999999991
"prognostic",8,1.576,12.2899999999998
"mahalanobis",1,1.602,3.19999999999998
"mahalanobis",4,1.736,4.59999999999995
"mahalanobis",8,2.074,6.8599999999999
